5.194308644737021252e-01
4.828927317410301456e-01
-2.101992019085765218e-01
-1.845097124592265103e-01
-3.868648155712885450e-01
9.559083801878999198e-01
8.946005130965293262e-01
5.184882977048503871e-01
3.198313051522722817e+05
5.322575747522178347e+01
-1.941303861187696211e-01
-3.868915875612908839e-01
9.528997177538617303e-01
9.004329382736401266e-01
5.175665301445838695e-01
3.192961986286400934e+05
5.314332386536494823e+01
-2.050246053497745968e-01
-3.869815152414725623e-01
9.497248335756217630e-01
9.058605751912228721e-01
5.177031941495606748e-01
3.182973376379008987e+05
5.305919549644650601e+01
-2.173261742559892684e-01
-3.858728760218703147e-01
9.467919542870347760e-01
9.110385260868930635e-01
5.181562193434190444e-01
3.178006294324066257e+05
5.296138324179401735e+01
-2.312939778720799755e-01
-3.850833570674488393e-01
9.438067901169040486e-01
9.166431552938080207e-01
5.211084928390634641e-01
3.179689850218009087e+05
5.288820946161157366e+01
-2.474410222163308803e-01
-3.841918955985377804e-01
9.415820647537208599e-01
9.243041297492184949e-01
5.240256062240085111e-01
3.175529026199484942e+05
5.280227464030641471e+01
-2.663023361529109900e-01
-3.827832045027234620e-01
9.400958637490285374e-01
9.332406024737586181e-01
5.277254080009461390e-01
3.171369661128779990e+05
5.272125457139671312e+01
-2.889125277154224736e-01
-3.813629147821855359e-01
9.378498832500040683e-01
9.406493876492069139e-01
1.382281321812444627e+08
2.092540751900726557e+07
3.471761269024522335e+03
6.870399332136986777e+04
-1.029244293801165666e+00
-1.007354964796754127e+00
5.194308644737021252e-01
4.828927317410301456e-01
-2.101992019085765218e-01
-1.845097124592265103e-01
-3.868648155712885450e-01
9.559083801878999198e-01
8.946005130965293262e-01
5.184882977048503871e-01
3.198313051522722817e+05
5.322575747522178347e+01
-1.941303861187696211e-01
-3.868915875612908839e-01
9.528997177538617303e-01
9.004329382736401266e-01
5.175665301445838695e-01
3.192961986286400934e+05
5.314332386536494823e+01
-2.050246053497745968e-01
-3.869815152414725623e-01
9.497248335756217630e-01
9.058605751912228721e-01
5.177031941495606748e-01
3.182973376379008987e+05
5.305919549644650601e+01
-2.173261742559892684e-01
-3.858728760218703147e-01
9.467919542870347760e-01
9.110385260868930635e-01
5.181562193434190444e-01
3.178006294324066257e+05
5.296138324179401735e+01
-2.312939778720799755e-01
-3.850833570674488393e-01
9.438067901169040486e-01
9.166431552938080207e-01
5.211084928390634641e-01
3.179689850218009087e+05
5.288820946161157366e+01
-2.474410222163308803e-01
-3.841918955985377804e-01
9.415820647537208599e-01
9.243041297492184949e-01
5.240256062240085111e-01
3.175529026199484942e+05
5.280227464030641471e+01
-2.663023361529109900e-01
-3.827832045027234620e-01
9.400958637490285374e-01
9.332406024737586181e-01
5.277254080009461390e-01
3.171369661128779990e+05
5.272125457139671312e+01
-2.889125277154224736e-01
-3.813629147821855359e-01
9.378498832500040683e-01
9.406493876492069139e-01
1.382281321812444627e+08
2.092540751900726557e+07
3.471761269024522335e+03
6.870399332136986777e+04
-1.029244293801165666e+00
-8.773332294010719457e-01
5.194308644737021252e-01
4.828927317410301456e-01
-2.101992019085765218e-01
-1.845097124592265103e-01
-3.868648155712885450e-01
9.559083801878999198e-01
8.946005130965293262e-01
5.184882977048503871e-01
3.198313051522722817e+05
5.322575747522178347e+01
-1.941303861187696211e-01
-3.868915875612908839e-01
9.528997177538617303e-01
9.004329382736401266e-01
5.175665301445838695e-01
3.192961986286400934e+05
5.314332386536494823e+01
-2.050246053497745968e-01
-3.869815152414725623e-01
9.497248335756217630e-01
9.058605751912228721e-01
5.177031941495606748e-01
3.182973376379008987e+05
5.305919549644650601e+01
-2.173261742559892684e-01
-3.858728760218703147e-01
9.467919542870347760e-01
9.110385260868930635e-01
5.181562193434190444e-01
3.178006294324066257e+05
5.296138324179401735e+01
-2.312939778720799755e-01
-3.850833570674488393e-01
9.438067901169040486e-01
9.166431552938080207e-01
5.211084928390634641e-01
3.179689850218009087e+05
5.288820946161157366e+01
-2.474410222163308803e-01
-3.841918955985377804e-01
9.415820647537208599e-01
9.243041297492184949e-01
5.240256062240085111e-01
3.175529026199484942e+05
5.280227464030641471e+01
-2.663023361529109900e-01
-3.827832045027234620e-01
9.400958637490285374e-01
9.332406024737586181e-01
5.277254080009461390e-01
3.171369661128779990e+05
5.272125457139671312e+01
-2.889125277154224736e-01
-3.813629147821855359e-01
9.378498832500040683e-01
9.406493876492069139e-01
1.382281321812444627e+08
2.092540751900726557e+07
3.471761269024522335e+03
6.870399332136986777e+04
-1.029244293801165666e+00
-7.511638226664125728e-01
5.194308644737021252e-01
4.828927317410301456e-01
-2.101992019085765218e-01
-1.845097124592265103e-01
-3.868648155712885450e-01
9.559083801878999198e-01
8.946005130965293262e-01
5.184882977048503871e-01
3.198313051522722817e+05
5.322575747522178347e+01
-1.941303861187696211e-01
-3.868915875612908839e-01
9.528997177538617303e-01
9.004329382736401266e-01
5.175665301445838695e-01
3.192961986286400934e+05
5.314332386536494823e+01
-2.050246053497745968e-01
-3.869815152414725623e-01
9.497248335756217630e-01
9.058605751912228721e-01
5.177031941495606748e-01
3.182973376379008987e+05
5.305919549644650601e+01
-2.173261742559892684e-01
-3.858728760218703147e-01
9.467919542870347760e-01
9.110385260868930635e-01
5.181562193434190444e-01
3.178006294324066257e+05
5.296138324179401735e+01
-2.312939778720799755e-01
-3.850833570674488393e-01
9.438067901169040486e-01
9.166431552938080207e-01
5.211084928390634641e-01
3.179689850218009087e+05
5.288820946161157366e+01
-2.474410222163308803e-01
-3.841918955985377804e-01
9.415820647537208599e-01
9.243041297492184949e-01
5.240256062240085111e-01
3.175529026199484942e+05
5.280227464030641471e+01
-2.663023361529109900e-01
-3.827832045027234620e-01
9.400958637490285374e-01
9.332406024737586181e-01
5.277254080009461390e-01
3.171369661128779990e+05
5.272125457139671312e+01
-2.889125277154224736e-01
-3.813629147821855359e-01
9.378498832500040683e-01
9.406493876492069139e-01
1.382281321812444627e+08
2.092540751900726557e+07
3.471761269024522335e+03
6.870399332136986777e+04
-1.029244293801165666e+00
-8.353273600532875598e-01
5.194308644737021252e-01
4.828927317410301456e-01
-2.101992019085765218e-01
-1.845097124592265103e-01
-3.868648155712885450e-01
9.559083801878999198e-01
8.946005130965293262e-01
5.184882977048503871e-01
3.198313051522722817e+05
5.322575747522178347e+01
-1.941303861187696211e-01
-3.868915875612908839e-01
9.528997177538617303e-01
9.004329382736401266e-01
5.175665301445838695e-01
3.192961986286400934e+05
5.314332386536494823e+01
-2.050246053497745968e-01
-3.869815152414725623e-01
9.497248335756217630e-01
9.058605751912228721e-01
5.177031941495606748e-01
3.182973376379008987e+05
5.305919549644650601e+01
-2.173261742559892684e-01
-3.858728760218703147e-01
9.467919542870347760e-01
9.110385260868930635e-01
5.181562193434190444e-01
3.178006294324066257e+05
5.296138324179401735e+01
-2.312939778720799755e-01
-3.850833570674488393e-01
9.438067901169040486e-01
9.166431552938080207e-01
5.211084928390634641e-01
3.179689850218009087e+05
5.288820946161157366e+01
-2.474410222163308803e-01
-3.841918955985377804e-01
9.415820647537208599e-01
9.243041297492184949e-01
5.240256062240085111e-01
3.175529026199484942e+05
5.280227464030641471e+01
-2.663023361529109900e-01
-3.827832045027234620e-01
9.400958637490285374e-01
9.332406024737586181e-01
5.277254080009461390e-01
3.171369661128779990e+05
5.272125457139671312e+01
-2.889125277154224736e-01
-3.813629147821855359e-01
9.378498832500040683e-01
9.406493876492069139e-01
1.382281321812444627e+08
2.092540751900726557e+07
3.471761269024522335e+03
6.870399332136986777e+04
-1.029244293801165666e+00
1.291838145087735867e-01
5.194308644737021252e-01
4.828927317410301456e-01
-2.101992019085765218e-01
-1.845097124592265103e-01
-3.868648155712885450e-01
9.559083801878999198e-01
8.946005130965293262e-01
5.184882977048503871e-01
3.198313051522722817e+05
5.322575747522178347e+01
-1.941303861187696211e-01
-3.868915875612908839e-01
9.528997177538617303e-01
9.004329382736401266e-01
5.175665301445838695e-01
3.192961986286400934e+05
5.314332386536494823e+01
-2.050246053497745968e-01
-3.869815152414725623e-01
9.497248335756217630e-01
9.058605751912228721e-01
5.177031941495606748e-01
3.182973376379008987e+05
5.305919549644650601e+01
-2.173261742559892684e-01
-3.858728760218703147e-01
9.467919542870347760e-01
9.110385260868930635e-01
5.181562193434190444e-01
3.178006294324066257e+05
5.296138324179401735e+01
-2.312939778720799755e-01
-3.850833570674488393e-01
9.438067901169040486e-01
9.166431552938080207e-01
5.211084928390634641e-01
3.179689850218009087e+05
5.288820946161157366e+01
-2.474410222163308803e-01
-3.841918955985377804e-01
9.415820647537208599e-01
9.243041297492184949e-01
5.240256062240085111e-01
3.175529026199484942e+05
5.280227464030641471e+01
-2.663023361529109900e-01
-3.827832045027234620e-01
9.400958637490285374e-01
9.332406024737586181e-01
5.277254080009461390e-01
3.171369661128779990e+05
5.272125457139671312e+01
-2.889125277154224736e-01
-3.813629147821855359e-01
9.378498832500040683e-01
9.406493876492069139e-01
1.382281321812444627e+08
2.092540751900726557e+07
3.471761269024522335e+03
6.870399332136986777e+04
-1.029244293801165666e+00
-2.313861568053201812e-01
5.194308644737021252e-01
4.828927317410301456e-01
-2.101992019085765218e-01
-1.845097124592265103e-01
-3.868648155712885450e-01
9.559083801878999198e-01
8.946005130965293262e-01
5.184882977048503871e-01
3.198313051522722817e+05
5.322575747522178347e+01
-1.941303861187696211e-01
-3.868915875612908839e-01
9.528997177538617303e-01
9.004329382736401266e-01
5.175665301445838695e-01
3.192961986286400934e+05
5.314332386536494823e+01
-2.050246053497745968e-01
-3.869815152414725623e-01
9.497248335756217630e-01
9.058605751912228721e-01
5.177031941495606748e-01
3.182973376379008987e+05
5.305919549644650601e+01
-2.173261742559892684e-01
-3.858728760218703147e-01
9.467919542870347760e-01
9.110385260868930635e-01
5.181562193434190444e-01
3.178006294324066257e+05
5.296138324179401735e+01
-2.312939778720799755e-01
-3.850833570674488393e-01
9.438067901169040486e-01
9.166431552938080207e-01
5.211084928390634641e-01
3.179689850218009087e+05
5.288820946161157366e+01
-2.474410222163308803e-01
-3.841918955985377804e-01
9.415820647537208599e-01
9.243041297492184949e-01
5.240256062240085111e-01
3.175529026199484942e+05
5.280227464030641471e+01
-2.663023361529109900e-01
-3.827832045027234620e-01
9.400958637490285374e-01
9.332406024737586181e-01
5.277254080009461390e-01
3.171369661128779990e+05
5.272125457139671312e+01
-2.889125277154224736e-01
-3.813629147821855359e-01
9.378498832500040683e-01
9.406493876492069139e-01
1.382281321812444627e+08
2.092540751900726557e+07
3.471761269024522335e+03
6.870399332136986777e+04
-1.029244293801165666e+00
-4.670420967376643917e-01
5.194308644737021252e-01
4.828927317410301456e-01
-2.101992019085765218e-01
-1.845097124592265103e-01
-3.868648155712885450e-01
9.559083801878999198e-01
8.946005130965293262e-01
5.184882977048503871e-01
3.198313051522722817e+05
5.322575747522178347e+01
-1.941303861187696211e-01
-3.868915875612908839e-01
9.528997177538617303e-01
9.004329382736401266e-01
5.175665301445838695e-01
3.192961986286400934e+05
5.314332386536494823e+01
-2.050246053497745968e-01
-3.869815152414725623e-01
9.497248335756217630e-01
9.058605751912228721e-01
5.177031941495606748e-01
3.182973376379008987e+05
5.305919549644650601e+01
-2.173261742559892684e-01
-3.858728760218703147e-01
9.467919542870347760e-01
9.110385260868930635e-01
5.181562193434190444e-01
3.178006294324066257e+05
5.296138324179401735e+01
-2.312939778720799755e-01
-3.850833570674488393e-01
9.438067901169040486e-01
9.166431552938080207e-01
5.211084928390634641e-01
3.179689850218009087e+05
5.288820946161157366e+01
-2.474410222163308803e-01
-3.841918955985377804e-01
9.415820647537208599e-01
9.243041297492184949e-01
5.240256062240085111e-01
3.175529026199484942e+05
5.280227464030641471e+01
-2.663023361529109900e-01
-3.827832045027234620e-01
9.400958637490285374e-01
9.332406024737586181e-01
5.277254080009461390e-01
3.171369661128779990e+05
5.272125457139671312e+01
-2.889125277154224736e-01
-3.813629147821855359e-01
9.378498832500040683e-01
9.406493876492069139e-01
1.382281321812444627e+08
2.092540751900726557e+07
3.471761269024522335e+03
6.870399332136986777e+04
-1.029244293801165666e+00
-6.241131369686557795e-01
5.194308644737021252e-01
4.828927317410301456e-01
-2.101992019085765218e-01
-1.845097124592265103e-01
-3.868648155712885450e-01
9.559083801878999198e-01
8.946005130965293262e-01
5.184882977048503871e-01
3.198313051522722817e+05
5.322575747522178347e+01
-1.941303861187696211e-01
-3.868915875612908839e-01
9.528997177538617303e-01
9.004329382736401266e-01
5.175665301445838695e-01
3.192961986286400934e+05
5.314332386536494823e+01
-2.050246053497745968e-01
-3.869815152414725623e-01
9.497248335756217630e-01
9.058605751912228721e-01
5.177031941495606748e-01
3.182973376379008987e+05
5.305919549644650601e+01
-2.173261742559892684e-01
-3.858728760218703147e-01
9.467919542870347760e-01
9.110385260868930635e-01
5.181562193434190444e-01
3.178006294324066257e+05
5.296138324179401735e+01
-2.312939778720799755e-01
-3.850833570674488393e-01
9.438067901169040486e-01
9.166431552938080207e-01
5.211084928390634641e-01
3.179689850218009087e+05
5.288820946161157366e+01
-2.474410222163308803e-01
-3.841918955985377804e-01
9.415820647537208599e-01
9.243041297492184949e-01
5.240256062240085111e-01
3.175529026199484942e+05
5.280227464030641471e+01
-2.663023361529109900e-01
-3.827832045027234620e-01
9.400958637490285374e-01
9.332406024737586181e-01
5.277254080009461390e-01
3.171369661128779990e+05
5.272125457139671312e+01
-2.889125277154224736e-01
-3.813629147821855359e-01
9.378498832500040683e-01
9.406493876492069139e-01
1.382281321812444627e+08
2.092540751900726557e+07
3.471761269024522335e+03
6.870399332136986777e+04
-1.029244293801165666e+00
9.555985104237804117e-01
5.194308644737021252e-01
4.828927317410301456e-01
-2.101992019085765218e-01
-1.845097124592265103e-01
-3.868648155712885450e-01
9.559083801878999198e-01
8.946005130965293262e-01
5.184882977048503871e-01
3.198313051522722817e+05
5.322575747522178347e+01
-1.941303861187696211e-01
-3.868915875612908839e-01
9.528997177538617303e-01
9.004329382736401266e-01
5.175665301445838695e-01
3.192961986286400934e+05
5.314332386536494823e+01
-2.050246053497745968e-01
-3.869815152414725623e-01
9.497248335756217630e-01
9.058605751912228721e-01
5.177031941495606748e-01
3.182973376379008987e+05
5.305919549644650601e+01
-2.173261742559892684e-01
-3.858728760218703147e-01
9.467919542870347760e-01
9.110385260868930635e-01
5.181562193434190444e-01
3.178006294324066257e+05
5.296138324179401735e+01
-2.312939778720799755e-01
-3.850833570674488393e-01
9.438067901169040486e-01
9.166431552938080207e-01
5.211084928390634641e-01
3.179689850218009087e+05
5.288820946161157366e+01
-2.474410222163308803e-01
-3.841918955985377804e-01
9.415820647537208599e-01
9.243041297492184949e-01
5.240256062240085111e-01
3.175529026199484942e+05
5.280227464030641471e+01
-2.663023361529109900e-01
-3.827832045027234620e-01
9.400958637490285374e-01
9.332406024737586181e-01
5.277254080009461390e-01
3.171369661128779990e+05
5.272125457139671312e+01
-2.889125277154224736e-01
-3.813629147821855359e-01
9.378498832500040683e-01
9.406493876492069139e-01
1.382281321812444627e+08
2.092540751900726557e+07
3.471761269024522335e+03
6.870399332136986777e+04
-1.029244293801165666e+00
3.301138620539278978e-01
2.352583775306840508e+01
9.467234211896250000e+13
