1.046878983214674763e+00
1.033507741636454424e+00
8.626703939239953600e-01
1.000298694479128336e+00
6.127739895086159461e-01
7.904060590012335075e-01
4.057758064070069004e+00
1.043513378710103856e+00
2.995164975165797863e+06
4.297211407808557624e+02
9.851561125566888899e-01
6.124223795191477970e-01
7.942663275709817006e-01
4.083575248983498440e+00
1.039908392501550205e+00
2.990168833560904022e+06
4.290639841831695094e+02
9.641838558170817697e-01
6.122665021461846102e-01
7.974413400152055020e-01
4.110506894409648559e+00
1.035871088290103437e+00
2.982067621041873936e+06
4.283829241161476489e+02
9.384969527780169241e-01
6.132056250921292806e-01
8.006731424621371662e-01
4.137567815546936423e+00
1.031653658509489313e+00
2.977414018689382356e+06
4.276309366405267838e+02
9.065981714580945150e-01
6.130748655374149703e-01
8.032594624175805054e-01
4.164507770507404061e+00
1.027574280801963003e+00
2.977508351357548963e+06
4.269919934864584548e+02
8.658670449435285077e-01
6.119587421498241531e-01
8.063779682529630399e-01
4.201849762715375469e+00
1.023131737777180028e+00
2.973612032358442899e+06
4.262994596017101117e+02
8.119341335344040234e-01
6.122267161858125917e-01
8.097421736105367973e-01
4.238910178111232163e+00
1.019035291288187040e+00
2.969717080098080914e+06
4.256490992405790053e+02
7.366082693720613639e-01
6.131020505270395882e-01
8.118873326931309586e-01
4.272750226440630072e+00
1.719324407231437415e+07
1.210045493144839071e+07
1.134209733983220580e+01
4.092385180487181060e+04
1.256603379852210545e-01
3.444729274141736935e-02
1.046878983214674763e+00
1.033507741636454424e+00
8.626703939239953600e-01
1.000298694479128336e+00
6.127739895086159461e-01
7.904060590012335075e-01
4.057758064070069004e+00
1.043513378710103856e+00
2.995164975165797863e+06
4.297211407808557624e+02
9.851561125566888899e-01
6.124223795191477970e-01
7.942663275709817006e-01
4.083575248983498440e+00
1.039908392501550205e+00
2.990168833560904022e+06
4.290639841831695094e+02
9.641838558170817697e-01
6.122665021461846102e-01
7.974413400152055020e-01
4.110506894409648559e+00
1.035871088290103437e+00
2.982067621041873936e+06
4.283829241161476489e+02
9.384969527780169241e-01
6.132056250921292806e-01
8.006731424621371662e-01
4.137567815546936423e+00
1.031653658509489313e+00
2.977414018689382356e+06
4.276309366405267838e+02
9.065981714580945150e-01
6.130748655374149703e-01
8.032594624175805054e-01
4.164507770507404061e+00
1.027574280801963003e+00
2.977508351357548963e+06
4.269919934864584548e+02
8.658670449435285077e-01
6.119587421498241531e-01
8.063779682529630399e-01
4.201849762715375469e+00
1.023131737777180028e+00
2.973612032358442899e+06
4.262994596017101117e+02
8.119341335344040234e-01
6.122267161858125917e-01
8.097421736105367973e-01
4.238910178111232163e+00
1.019035291288187040e+00
2.969717080098080914e+06
4.256490992405790053e+02
7.366082693720613639e-01
6.131020505270395882e-01
8.118873326931309586e-01
4.272750226440630072e+00
1.719324407231437415e+07
1.210045493144839071e+07
1.134209733983220580e+01
4.092385180487181060e+04
1.256603379852210545e-01
8.385383539050286772e-02
1.046878983214674763e+00
1.033507741636454424e+00
8.626703939239953600e-01
1.000298694479128336e+00
6.127739895086159461e-01
7.904060590012335075e-01
4.057758064070069004e+00
1.043513378710103856e+00
2.995164975165797863e+06
4.297211407808557624e+02
9.851561125566888899e-01
6.124223795191477970e-01
7.942663275709817006e-01
4.083575248983498440e+00
1.039908392501550205e+00
2.990168833560904022e+06
4.290639841831695094e+02
9.641838558170817697e-01
6.122665021461846102e-01
7.974413400152055020e-01
4.110506894409648559e+00
1.035871088290103437e+00
2.982067621041873936e+06
4.283829241161476489e+02
9.384969527780169241e-01
6.132056250921292806e-01
8.006731424621371662e-01
4.137567815546936423e+00
1.031653658509489313e+00
2.977414018689382356e+06
4.276309366405267838e+02
9.065981714580945150e-01
6.130748655374149703e-01
8.032594624175805054e-01
4.164507770507404061e+00
1.027574280801963003e+00
2.977508351357548963e+06
4.269919934864584548e+02
8.658670449435285077e-01
6.119587421498241531e-01
8.063779682529630399e-01
4.201849762715375469e+00
1.023131737777180028e+00
2.973612032358442899e+06
4.262994596017101117e+02
8.119341335344040234e-01
6.122267161858125917e-01
8.097421736105367973e-01
4.238910178111232163e+00
1.019035291288187040e+00
2.969717080098080914e+06
4.256490992405790053e+02
7.366082693720613639e-01
6.131020505270395882e-01
8.118873326931309586e-01
4.272750226440630072e+00
1.719324407231437415e+07
1.210045493144839071e+07
1.134209733983220580e+01
4.092385180487181060e+04
1.256603379852210545e-01
1.300305389080401164e-01
1.046878983214674763e+00
1.033507741636454424e+00
8.626703939239953600e-01
1.000298694479128336e+00
6.127739895086159461e-01
7.904060590012335075e-01
4.057758064070069004e+00
1.043513378710103856e+00
2.995164975165797863e+06
4.297211407808557624e+02
9.851561125566888899e-01
6.124223795191477970e-01
7.942663275709817006e-01
4.083575248983498440e+00
1.039908392501550205e+00
2.990168833560904022e+06
4.290639841831695094e+02
9.641838558170817697e-01
6.122665021461846102e-01
7.974413400152055020e-01
4.110506894409648559e+00
1.035871088290103437e+00
2.982067621041873936e+06
4.283829241161476489e+02
9.384969527780169241e-01
6.132056250921292806e-01
8.006731424621371662e-01
4.137567815546936423e+00
1.031653658509489313e+00
2.977414018689382356e+06
4.276309366405267838e+02
9.065981714580945150e-01
6.130748655374149703e-01
8.032594624175805054e-01
4.164507770507404061e+00
1.027574280801963003e+00
2.977508351357548963e+06
4.269919934864584548e+02
8.658670449435285077e-01
6.119587421498241531e-01
8.063779682529630399e-01
4.201849762715375469e+00
1.023131737777180028e+00
2.973612032358442899e+06
4.262994596017101117e+02
8.119341335344040234e-01
6.122267161858125917e-01
8.097421736105367973e-01
4.238910178111232163e+00
1.019035291288187040e+00
2.969717080098080914e+06
4.256490992405790053e+02
7.366082693720613639e-01
6.131020505270395882e-01
8.118873326931309586e-01
4.272750226440630072e+00
1.719324407231437415e+07
1.210045493144839071e+07
1.134209733983220580e+01
4.092385180487181060e+04
1.256603379852210545e-01
9.996069858122889895e-02
1.046878983214674763e+00
1.033507741636454424e+00
8.626703939239953600e-01
1.000298694479128336e+00
6.127739895086159461e-01
7.904060590012335075e-01
4.057758064070069004e+00
1.043513378710103856e+00
2.995164975165797863e+06
4.297211407808557624e+02
9.851561125566888899e-01
6.124223795191477970e-01
7.942663275709817006e-01
4.083575248983498440e+00
1.039908392501550205e+00
2.990168833560904022e+06
4.290639841831695094e+02
9.641838558170817697e-01
6.122665021461846102e-01
7.974413400152055020e-01
4.110506894409648559e+00
1.035871088290103437e+00
2.982067621041873936e+06
4.283829241161476489e+02
9.384969527780169241e-01
6.132056250921292806e-01
8.006731424621371662e-01
4.137567815546936423e+00
1.031653658509489313e+00
2.977414018689382356e+06
4.276309366405267838e+02
9.065981714580945150e-01
6.130748655374149703e-01
8.032594624175805054e-01
4.164507770507404061e+00
1.027574280801963003e+00
2.977508351357548963e+06
4.269919934864584548e+02
8.658670449435285077e-01
6.119587421498241531e-01
8.063779682529630399e-01
4.201849762715375469e+00
1.023131737777180028e+00
2.973612032358442899e+06
4.262994596017101117e+02
8.119341335344040234e-01
6.122267161858125917e-01
8.097421736105367973e-01
4.238910178111232163e+00
1.019035291288187040e+00
2.969717080098080914e+06
4.256490992405790053e+02
7.366082693720613639e-01
6.131020505270395882e-01
8.118873326931309586e-01
4.272750226440630072e+00
1.719324407231437415e+07
1.210045493144839071e+07
1.134209733983220580e+01
4.092385180487181060e+04
1.256603379852210545e-01
4.519750980568278398e-01
1.046878983214674763e+00
1.033507741636454424e+00
8.626703939239953600e-01
1.000298694479128336e+00
6.127739895086159461e-01
7.904060590012335075e-01
4.057758064070069004e+00
1.043513378710103856e+00
2.995164975165797863e+06
4.297211407808557624e+02
9.851561125566888899e-01
6.124223795191477970e-01
7.942663275709817006e-01
4.083575248983498440e+00
1.039908392501550205e+00
2.990168833560904022e+06
4.290639841831695094e+02
9.641838558170817697e-01
6.122665021461846102e-01
7.974413400152055020e-01
4.110506894409648559e+00
1.035871088290103437e+00
2.982067621041873936e+06
4.283829241161476489e+02
9.384969527780169241e-01
6.132056250921292806e-01
8.006731424621371662e-01
4.137567815546936423e+00
1.031653658509489313e+00
2.977414018689382356e+06
4.276309366405267838e+02
9.065981714580945150e-01
6.130748655374149703e-01
8.032594624175805054e-01
4.164507770507404061e+00
1.027574280801963003e+00
2.977508351357548963e+06
4.269919934864584548e+02
8.658670449435285077e-01
6.119587421498241531e-01
8.063779682529630399e-01
4.201849762715375469e+00
1.023131737777180028e+00
2.973612032358442899e+06
4.262994596017101117e+02
8.119341335344040234e-01
6.122267161858125917e-01
8.097421736105367973e-01
4.238910178111232163e+00
1.019035291288187040e+00
2.969717080098080914e+06
4.256490992405790053e+02
7.366082693720613639e-01
6.131020505270395882e-01
8.118873326931309586e-01
4.272750226440630072e+00
1.719324407231437415e+07
1.210045493144839071e+07
1.134209733983220580e+01
4.092385180487181060e+04
1.256603379852210545e-01
3.332738180175002229e-01
1.046878983214674763e+00
1.033507741636454424e+00
8.626703939239953600e-01
1.000298694479128336e+00
6.127739895086159461e-01
7.904060590012335075e-01
4.057758064070069004e+00
1.043513378710103856e+00
2.995164975165797863e+06
4.297211407808557624e+02
9.851561125566888899e-01
6.124223795191477970e-01
7.942663275709817006e-01
4.083575248983498440e+00
1.039908392501550205e+00
2.990168833560904022e+06
4.290639841831695094e+02
9.641838558170817697e-01
6.122665021461846102e-01
7.974413400152055020e-01
4.110506894409648559e+00
1.035871088290103437e+00
2.982067621041873936e+06
4.283829241161476489e+02
9.384969527780169241e-01
6.132056250921292806e-01
8.006731424621371662e-01
4.137567815546936423e+00
1.031653658509489313e+00
2.977414018689382356e+06
4.276309366405267838e+02
9.065981714580945150e-01
6.130748655374149703e-01
8.032594624175805054e-01
4.164507770507404061e+00
1.027574280801963003e+00
2.977508351357548963e+06
4.269919934864584548e+02
8.658670449435285077e-01
6.119587421498241531e-01
8.063779682529630399e-01
4.201849762715375469e+00
1.023131737777180028e+00
2.973612032358442899e+06
4.262994596017101117e+02
8.119341335344040234e-01
6.122267161858125917e-01
8.097421736105367973e-01
4.238910178111232163e+00
1.019035291288187040e+00
2.969717080098080914e+06
4.256490992405790053e+02
7.366082693720613639e-01
6.131020505270395882e-01
8.118873326931309586e-01
4.272750226440630072e+00
1.719324407231437415e+07
1.210045493144839071e+07
1.134209733983220580e+01
4.092385180487181060e+04
1.256603379852210545e-01
2.490854487076675505e-01
1.046878983214674763e+00
1.033507741636454424e+00
8.626703939239953600e-01
1.000298694479128336e+00
6.127739895086159461e-01
7.904060590012335075e-01
4.057758064070069004e+00
1.043513378710103856e+00
2.995164975165797863e+06
4.297211407808557624e+02
9.851561125566888899e-01
6.124223795191477970e-01
7.942663275709817006e-01
4.083575248983498440e+00
1.039908392501550205e+00
2.990168833560904022e+06
4.290639841831695094e+02
9.641838558170817697e-01
6.122665021461846102e-01
7.974413400152055020e-01
4.110506894409648559e+00
1.035871088290103437e+00
2.982067621041873936e+06
4.283829241161476489e+02
9.384969527780169241e-01
6.132056250921292806e-01
8.006731424621371662e-01
4.137567815546936423e+00
1.031653658509489313e+00
2.977414018689382356e+06
4.276309366405267838e+02
9.065981714580945150e-01
6.130748655374149703e-01
8.032594624175805054e-01
4.164507770507404061e+00
1.027574280801963003e+00
2.977508351357548963e+06
4.269919934864584548e+02
8.658670449435285077e-01
6.119587421498241531e-01
8.063779682529630399e-01
4.201849762715375469e+00
1.023131737777180028e+00
2.973612032358442899e+06
4.262994596017101117e+02
8.119341335344040234e-01
6.122267161858125917e-01
8.097421736105367973e-01
4.238910178111232163e+00
1.019035291288187040e+00
2.969717080098080914e+06
4.256490992405790053e+02
7.366082693720613639e-01
6.131020505270395882e-01
8.118873326931309586e-01
4.272750226440630072e+00
1.719324407231437415e+07
1.210045493144839071e+07
1.134209733983220580e+01
4.092385180487181060e+04
1.256603379852210545e-01
1.886668240710484556e-01
1.046878983214674763e+00
1.033507741636454424e+00
8.626703939239953600e-01
1.000298694479128336e+00
6.127739895086159461e-01
7.904060590012335075e-01
4.057758064070069004e+00
1.043513378710103856e+00
2.995164975165797863e+06
4.297211407808557624e+02
9.851561125566888899e-01
6.124223795191477970e-01
7.942663275709817006e-01
4.083575248983498440e+00
1.039908392501550205e+00
2.990168833560904022e+06
4.290639841831695094e+02
9.641838558170817697e-01
6.122665021461846102e-01
7.974413400152055020e-01
4.110506894409648559e+00
1.035871088290103437e+00
2.982067621041873936e+06
4.283829241161476489e+02
9.384969527780169241e-01
6.132056250921292806e-01
8.006731424621371662e-01
4.137567815546936423e+00
1.031653658509489313e+00
2.977414018689382356e+06
4.276309366405267838e+02
9.065981714580945150e-01
6.130748655374149703e-01
8.032594624175805054e-01
4.164507770507404061e+00
1.027574280801963003e+00
2.977508351357548963e+06
4.269919934864584548e+02
8.658670449435285077e-01
6.119587421498241531e-01
8.063779682529630399e-01
4.201849762715375469e+00
1.023131737777180028e+00
2.973612032358442899e+06
4.262994596017101117e+02
8.119341335344040234e-01
6.122267161858125917e-01
8.097421736105367973e-01
4.238910178111232163e+00
1.019035291288187040e+00
2.969717080098080914e+06
4.256490992405790053e+02
7.366082693720613639e-01
6.131020505270395882e-01
8.118873326931309586e-01
4.272750226440630072e+00
1.719324407231437415e+07
1.210045493144839071e+07
1.134209733983220580e+01
4.092385180487181060e+04
1.256603379852210545e-01
7.773118161644392288e-01
1.046878983214674763e+00
1.033507741636454424e+00
8.626703939239953600e-01
1.000298694479128336e+00
6.127739895086159461e-01
7.904060590012335075e-01
4.057758064070069004e+00
1.043513378710103856e+00
2.995164975165797863e+06
4.297211407808557624e+02
9.851561125566888899e-01
6.124223795191477970e-01
7.942663275709817006e-01
4.083575248983498440e+00
1.039908392501550205e+00
2.990168833560904022e+06
4.290639841831695094e+02
9.641838558170817697e-01
6.122665021461846102e-01
7.974413400152055020e-01
4.110506894409648559e+00
1.035871088290103437e+00
2.982067621041873936e+06
4.283829241161476489e+02
9.384969527780169241e-01
6.132056250921292806e-01
8.006731424621371662e-01
4.137567815546936423e+00
1.031653658509489313e+00
2.977414018689382356e+06
4.276309366405267838e+02
9.065981714580945150e-01
6.130748655374149703e-01
8.032594624175805054e-01
4.164507770507404061e+00
1.027574280801963003e+00
2.977508351357548963e+06
4.269919934864584548e+02
8.658670449435285077e-01
6.119587421498241531e-01
8.063779682529630399e-01
4.201849762715375469e+00
1.023131737777180028e+00
2.973612032358442899e+06
4.262994596017101117e+02
8.119341335344040234e-01
6.122267161858125917e-01
8.097421736105367973e-01
4.238910178111232163e+00
1.019035291288187040e+00
2.969717080098080914e+06
4.256490992405790053e+02
7.366082693720613639e-01
6.131020505270395882e-01
8.118873326931309586e-01
4.272750226440630072e+00
1.719324407231437415e+07
1.210045493144839071e+07
1.134209733983220580e+01
4.092385180487181060e+04
1.256603379852210545e-01
5.774214784491391583e-01
1.127025362601342451e+01
2.003893420022780078e+13
