-3.656999719872607857e-01
-3.580736308494019138e-01
-1.163158764621531616e-01
2.928204798368022055e-01
-9.840425974316940883e-02
-6.937977542782798324e-01
-1.979597741923523058e-01
-3.687217798576555849e-01
4.096699587596937420e+00
3.020284076969985243e+00
3.093074130473945638e-01
-9.926834686635920002e-02
-6.924649036529187951e-01
-1.975540667578386811e-01
-3.717755323291724867e-01
4.096709291579156975e+00
3.020283854447213923e+00
3.281836022152024857e-01
-1.013893718275166722e-01
-6.917577720820489162e-01
-1.971321882474088294e-01
-3.748437043067948671e-01
4.097539549633006040e+00
3.020283834413088897e+00
3.503441884772338089e-01
-1.029473841345155821e-01
-6.906524994267706496e-01
-1.969368183458160837e-01
-3.777083629518784291e-01
4.097539538171025342e+00
3.020283714518463114e+00
3.772994809075102540e-01
-1.044416509050013070e-01
-6.932015493413873353e-01
-1.967697327753295533e-01
-3.804667593322979546e-01
4.096795526009888277e+00
3.020283649389627900e+00
4.107172464540659873e-01
-1.062364670684729784e-01
-6.920351117604049973e-01
-1.977786073644724196e-01
-3.833199224457449761e-01
4.096795514527482140e+00
3.020283432874549590e+00
4.538356474239199634e-01
-1.078291033014439904e-01
-6.897732991795554325e-01
-1.968227060899126746e-01
-3.859910282323694708e-01
4.096795503045077780e+00
3.020284193322223310e+00
5.115203501806241393e-01
-1.089891404460803237e-01
-6.888769855727363556e-01
-1.962886555186811877e-01
-2.998869745952952304e+00
3.109325205058605657e-01
1.524279145688678394e-02
-4.552412760361979061e-01
1.734892511353732791e+00
-1.413665162551722664e-02
-3.656999719872607857e-01
-3.580736308494019138e-01
-1.163158764621531616e-01
2.928204798368022055e-01
-9.840425974316940883e-02
-6.937977542782798324e-01
-1.979597741923523058e-01
-3.687217798576555849e-01
4.096699587596937420e+00
3.020284076969985243e+00
3.093074130473945638e-01
-9.926834686635920002e-02
-6.924649036529187951e-01
-1.975540667578386811e-01
-3.717755323291724867e-01
4.096709291579156975e+00
3.020283854447213923e+00
3.281836022152024857e-01
-1.013893718275166722e-01
-6.917577720820489162e-01
-1.971321882474088294e-01
-3.748437043067948671e-01
4.097539549633006040e+00
3.020283834413088897e+00
3.503441884772338089e-01
-1.029473841345155821e-01
-6.906524994267706496e-01
-1.969368183458160837e-01
-3.777083629518784291e-01
4.097539538171025342e+00
3.020283714518463114e+00
3.772994809075102540e-01
-1.044416509050013070e-01
-6.932015493413873353e-01
-1.967697327753295533e-01
-3.804667593322979546e-01
4.096795526009888277e+00
3.020283649389627900e+00
4.107172464540659873e-01
-1.062364670684729784e-01
-6.920351117604049973e-01
-1.977786073644724196e-01
-3.833199224457449761e-01
4.096795514527482140e+00
3.020283432874549590e+00
4.538356474239199634e-01
-1.078291033014439904e-01
-6.897732991795554325e-01
-1.968227060899126746e-01
-3.859910282323694708e-01
4.096795503045077780e+00
3.020284193322223310e+00
5.115203501806241393e-01
-1.089891404460803237e-01
-6.888769855727363556e-01
-1.962886555186811877e-01
-2.998869745952952304e+00
3.109325205058605657e-01
1.524279145688678394e-02
-4.552412760361979061e-01
1.734892511353732791e+00
-9.520039218293480099e-02
-3.656999719872607857e-01
-3.580736308494019138e-01
-1.163158764621531616e-01
2.928204798368022055e-01
-9.840425974316940883e-02
-6.937977542782798324e-01
-1.979597741923523058e-01
-3.687217798576555849e-01
4.096699587596937420e+00
3.020284076969985243e+00
3.093074130473945638e-01
-9.926834686635920002e-02
-6.924649036529187951e-01
-1.975540667578386811e-01
-3.717755323291724867e-01
4.096709291579156975e+00
3.020283854447213923e+00
3.281836022152024857e-01
-1.013893718275166722e-01
-6.917577720820489162e-01
-1.971321882474088294e-01
-3.748437043067948671e-01
4.097539549633006040e+00
3.020283834413088897e+00
3.503441884772338089e-01
-1.029473841345155821e-01
-6.906524994267706496e-01
-1.969368183458160837e-01
-3.777083629518784291e-01
4.097539538171025342e+00
3.020283714518463114e+00
3.772994809075102540e-01
-1.044416509050013070e-01
-6.932015493413873353e-01
-1.967697327753295533e-01
-3.804667593322979546e-01
4.096795526009888277e+00
3.020283649389627900e+00
4.107172464540659873e-01
-1.062364670684729784e-01
-6.920351117604049973e-01
-1.977786073644724196e-01
-3.833199224457449761e-01
4.096795514527482140e+00
3.020283432874549590e+00
4.538356474239199634e-01
-1.078291033014439904e-01
-6.897732991795554325e-01
-1.968227060899126746e-01
-3.859910282323694708e-01
4.096795503045077780e+00
3.020284193322223310e+00
5.115203501806241393e-01
-1.089891404460803237e-01
-6.888769855727363556e-01
-1.962886555186811877e-01
-2.998869745952952304e+00
3.109325205058605657e-01
1.524279145688678394e-02
-4.552412760361979061e-01
1.734892511353732791e+00
-1.066598805640739528e-01
-3.656999719872607857e-01
-3.580736308494019138e-01
-1.163158764621531616e-01
2.928204798368022055e-01
-9.840425974316940883e-02
-6.937977542782798324e-01
-1.979597741923523058e-01
-3.687217798576555849e-01
4.096699587596937420e+00
3.020284076969985243e+00
3.093074130473945638e-01
-9.926834686635920002e-02
-6.924649036529187951e-01
-1.975540667578386811e-01
-3.717755323291724867e-01
4.096709291579156975e+00
3.020283854447213923e+00
3.281836022152024857e-01
-1.013893718275166722e-01
-6.917577720820489162e-01
-1.971321882474088294e-01
-3.748437043067948671e-01
4.097539549633006040e+00
3.020283834413088897e+00
3.503441884772338089e-01
-1.029473841345155821e-01
-6.906524994267706496e-01
-1.969368183458160837e-01
-3.777083629518784291e-01
4.097539538171025342e+00
3.020283714518463114e+00
3.772994809075102540e-01
-1.044416509050013070e-01
-6.932015493413873353e-01
-1.967697327753295533e-01
-3.804667593322979546e-01
4.096795526009888277e+00
3.020283649389627900e+00
4.107172464540659873e-01
-1.062364670684729784e-01
-6.920351117604049973e-01
-1.977786073644724196e-01
-3.833199224457449761e-01
4.096795514527482140e+00
3.020283432874549590e+00
4.538356474239199634e-01
-1.078291033014439904e-01
-6.897732991795554325e-01
-1.968227060899126746e-01
-3.859910282323694708e-01
4.096795503045077780e+00
3.020284193322223310e+00
5.115203501806241393e-01
-1.089891404460803237e-01
-6.888769855727363556e-01
-1.962886555186811877e-01
-2.998869745952952304e+00
3.109325205058605657e-01
1.524279145688678394e-02
-4.552412760361979061e-01
1.734892511353732791e+00
-8.109804399783765438e-02
-3.656999719872607857e-01
-3.580736308494019138e-01
-1.163158764621531616e-01
2.928204798368022055e-01
-9.840425974316940883e-02
-6.937977542782798324e-01
-1.979597741923523058e-01
-3.687217798576555849e-01
4.096699587596937420e+00
3.020284076969985243e+00
3.093074130473945638e-01
-9.926834686635920002e-02
-6.924649036529187951e-01
-1.975540667578386811e-01
-3.717755323291724867e-01
4.096709291579156975e+00
3.020283854447213923e+00
3.281836022152024857e-01
-1.013893718275166722e-01
-6.917577720820489162e-01
-1.971321882474088294e-01
-3.748437043067948671e-01
4.097539549633006040e+00
3.020283834413088897e+00
3.503441884772338089e-01
-1.029473841345155821e-01
-6.906524994267706496e-01
-1.969368183458160837e-01
-3.777083629518784291e-01
4.097539538171025342e+00
3.020283714518463114e+00
3.772994809075102540e-01
-1.044416509050013070e-01
-6.932015493413873353e-01
-1.967697327753295533e-01
-3.804667593322979546e-01
4.096795526009888277e+00
3.020283649389627900e+00
4.107172464540659873e-01
-1.062364670684729784e-01
-6.920351117604049973e-01
-1.977786073644724196e-01
-3.833199224457449761e-01
4.096795514527482140e+00
3.020283432874549590e+00
4.538356474239199634e-01
-1.078291033014439904e-01
-6.897732991795554325e-01
-1.968227060899126746e-01
-3.859910282323694708e-01
4.096795503045077780e+00
3.020284193322223310e+00
5.115203501806241393e-01
-1.089891404460803237e-01
-6.888769855727363556e-01
-1.962886555186811877e-01
-2.998869745952952304e+00
3.109325205058605657e-01
1.524279145688678394e-02
-4.552412760361979061e-01
1.734892511353732791e+00
-1.780765556626795199e-01
-3.656999719872607857e-01
-3.580736308494019138e-01
-1.163158764621531616e-01
2.928204798368022055e-01
-9.840425974316940883e-02
-6.937977542782798324e-01
-1.979597741923523058e-01
-3.687217798576555849e-01
4.096699587596937420e+00
3.020284076969985243e+00
3.093074130473945638e-01
-9.926834686635920002e-02
-6.924649036529187951e-01
-1.975540667578386811e-01
-3.717755323291724867e-01
4.096709291579156975e+00
3.020283854447213923e+00
3.281836022152024857e-01
-1.013893718275166722e-01
-6.917577720820489162e-01
-1.971321882474088294e-01
-3.748437043067948671e-01
4.097539549633006040e+00
3.020283834413088897e+00
3.503441884772338089e-01
-1.029473841345155821e-01
-6.906524994267706496e-01
-1.969368183458160837e-01
-3.777083629518784291e-01
4.097539538171025342e+00
3.020283714518463114e+00
3.772994809075102540e-01
-1.044416509050013070e-01
-6.932015493413873353e-01
-1.967697327753295533e-01
-3.804667593322979546e-01
4.096795526009888277e+00
3.020283649389627900e+00
4.107172464540659873e-01
-1.062364670684729784e-01
-6.920351117604049973e-01
-1.977786073644724196e-01
-3.833199224457449761e-01
4.096795514527482140e+00
3.020283432874549590e+00
4.538356474239199634e-01
-1.078291033014439904e-01
-6.897732991795554325e-01
-1.968227060899126746e-01
-3.859910282323694708e-01
4.096795503045077780e+00
3.020284193322223310e+00
5.115203501806241393e-01
-1.089891404460803237e-01
-6.888769855727363556e-01
-1.962886555186811877e-01
-2.998869745952952304e+00
3.109325205058605657e-01
1.524279145688678394e-02
-4.552412760361979061e-01
1.734892511353732791e+00
-1.516457265717302272e-01
-3.656999719872607857e-01
-3.580736308494019138e-01
-1.163158764621531616e-01
2.928204798368022055e-01
-9.840425974316940883e-02
-6.937977542782798324e-01
-1.979597741923523058e-01
-3.687217798576555849e-01
4.096699587596937420e+00
3.020284076969985243e+00
3.093074130473945638e-01
-9.926834686635920002e-02
-6.924649036529187951e-01
-1.975540667578386811e-01
-3.717755323291724867e-01
4.096709291579156975e+00
3.020283854447213923e+00
3.281836022152024857e-01
-1.013893718275166722e-01
-6.917577720820489162e-01
-1.971321882474088294e-01
-3.748437043067948671e-01
4.097539549633006040e+00
3.020283834413088897e+00
3.503441884772338089e-01
-1.029473841345155821e-01
-6.906524994267706496e-01
-1.969368183458160837e-01
-3.777083629518784291e-01
4.097539538171025342e+00
3.020283714518463114e+00
3.772994809075102540e-01
-1.044416509050013070e-01
-6.932015493413873353e-01
-1.967697327753295533e-01
-3.804667593322979546e-01
4.096795526009888277e+00
3.020283649389627900e+00
4.107172464540659873e-01
-1.062364670684729784e-01
-6.920351117604049973e-01
-1.977786073644724196e-01
-3.833199224457449761e-01
4.096795514527482140e+00
3.020283432874549590e+00
4.538356474239199634e-01
-1.078291033014439904e-01
-6.897732991795554325e-01
-1.968227060899126746e-01
-3.859910282323694708e-01
4.096795503045077780e+00
3.020284193322223310e+00
5.115203501806241393e-01
-1.089891404460803237e-01
-6.888769855727363556e-01
-1.962886555186811877e-01
-2.998869745952952304e+00
3.109325205058605657e-01
1.524279145688678394e-02
-4.552412760361979061e-01
1.734892511353732791e+00
-1.295408945029506709e-01
-3.656999719872607857e-01
-3.580736308494019138e-01
-1.163158764621531616e-01
2.928204798368022055e-01
-9.840425974316940883e-02
-6.937977542782798324e-01
-1.979597741923523058e-01
-3.687217798576555849e-01
4.096699587596937420e+00
3.020284076969985243e+00
3.093074130473945638e-01
-9.926834686635920002e-02
-6.924649036529187951e-01
-1.975540667578386811e-01
-3.717755323291724867e-01
4.096709291579156975e+00
3.020283854447213923e+00
3.281836022152024857e-01
-1.013893718275166722e-01
-6.917577720820489162e-01
-1.971321882474088294e-01
-3.748437043067948671e-01
4.097539549633006040e+00
3.020283834413088897e+00
3.503441884772338089e-01
-1.029473841345155821e-01
-6.906524994267706496e-01
-1.969368183458160837e-01
-3.777083629518784291e-01
4.097539538171025342e+00
3.020283714518463114e+00
3.772994809075102540e-01
-1.044416509050013070e-01
-6.932015493413873353e-01
-1.967697327753295533e-01
-3.804667593322979546e-01
4.096795526009888277e+00
3.020283649389627900e+00
4.107172464540659873e-01
-1.062364670684729784e-01
-6.920351117604049973e-01
-1.977786073644724196e-01
-3.833199224457449761e-01
4.096795514527482140e+00
3.020283432874549590e+00
4.538356474239199634e-01
-1.078291033014439904e-01
-6.897732991795554325e-01
-1.968227060899126746e-01
-3.859910282323694708e-01
4.096795503045077780e+00
3.020284193322223310e+00
5.115203501806241393e-01
-1.089891404460803237e-01
-6.888769855727363556e-01
-1.962886555186811877e-01
-2.998869745952952304e+00
3.109325205058605657e-01
1.524279145688678394e-02
-4.552412760361979061e-01
1.734892511353732791e+00
-1.037853286527246621e-01
-3.656999719872607857e-01
-3.580736308494019138e-01
-1.163158764621531616e-01
2.928204798368022055e-01
-9.840425974316940883e-02
-6.937977542782798324e-01
-1.979597741923523058e-01
-3.687217798576555849e-01
4.096699587596937420e+00
3.020284076969985243e+00
3.093074130473945638e-01
-9.926834686635920002e-02
-6.924649036529187951e-01
-1.975540667578386811e-01
-3.717755323291724867e-01
4.096709291579156975e+00
3.020283854447213923e+00
3.281836022152024857e-01
-1.013893718275166722e-01
-6.917577720820489162e-01
-1.971321882474088294e-01
-3.748437043067948671e-01
4.097539549633006040e+00
3.020283834413088897e+00
3.503441884772338089e-01
-1.029473841345155821e-01
-6.906524994267706496e-01
-1.969368183458160837e-01
-3.777083629518784291e-01
4.097539538171025342e+00
3.020283714518463114e+00
3.772994809075102540e-01
-1.044416509050013070e-01
-6.932015493413873353e-01
-1.967697327753295533e-01
-3.804667593322979546e-01
4.096795526009888277e+00
3.020283649389627900e+00
4.107172464540659873e-01
-1.062364670684729784e-01
-6.920351117604049973e-01
-1.977786073644724196e-01
-3.833199224457449761e-01
4.096795514527482140e+00
3.020283432874549590e+00
4.538356474239199634e-01
-1.078291033014439904e-01
-6.897732991795554325e-01
-1.968227060899126746e-01
-3.859910282323694708e-01
4.096795503045077780e+00
3.020284193322223310e+00
5.115203501806241393e-01
-1.089891404460803237e-01
-6.888769855727363556e-01
-1.962886555186811877e-01
-2.998869745952952304e+00
3.109325205058605657e-01
1.524279145688678394e-02
-4.552412760361979061e-01
1.734892511353732791e+00
-2.043009631261570036e-01
-3.656999719872607857e-01
-3.580736308494019138e-01
-1.163158764621531616e-01
2.928204798368022055e-01
-9.840425974316940883e-02
-6.937977542782798324e-01
-1.979597741923523058e-01
-3.687217798576555849e-01
4.096699587596937420e+00
3.020284076969985243e+00
3.093074130473945638e-01
-9.926834686635920002e-02
-6.924649036529187951e-01
-1.975540667578386811e-01
-3.717755323291724867e-01
4.096709291579156975e+00
3.020283854447213923e+00
3.281836022152024857e-01
-1.013893718275166722e-01
-6.917577720820489162e-01
-1.971321882474088294e-01
-3.748437043067948671e-01
4.097539549633006040e+00
3.020283834413088897e+00
3.503441884772338089e-01
-1.029473841345155821e-01
-6.906524994267706496e-01
-1.969368183458160837e-01
-3.777083629518784291e-01
4.097539538171025342e+00
3.020283714518463114e+00
3.772994809075102540e-01
-1.044416509050013070e-01
-6.932015493413873353e-01
-1.967697327753295533e-01
-3.804667593322979546e-01
4.096795526009888277e+00
3.020283649389627900e+00
4.107172464540659873e-01
-1.062364670684729784e-01
-6.920351117604049973e-01
-1.977786073644724196e-01
-3.833199224457449761e-01
4.096795514527482140e+00
3.020283432874549590e+00
4.538356474239199634e-01
-1.078291033014439904e-01
-6.897732991795554325e-01
-1.968227060899126746e-01
-3.859910282323694708e-01
4.096795503045077780e+00
3.020284193322223310e+00
5.115203501806241393e-01
-1.089891404460803237e-01
-6.888769855727363556e-01
-1.962886555186811877e-01
-2.998869745952952304e+00
3.109325205058605657e-01
1.524279145688678394e-02
-4.552412760361979061e-01
1.734892511353732791e+00
-1.827009760973169195e-01
-9.915353464610660028e-01
-3.675098931663170809e+00
