-3.652804391238363979e-01
-3.580736308494019693e-01
-1.163158764621531616e-01
2.278420557064756435e-01
-5.200770566698588449e-02
-6.937977542782798324e-01
-1.979597741923523058e-01
-3.683003260562205394e-01
1.106908498896322923e+00
3.016845418692391423e+00
2.412359529585115792e-01
-5.352260994716625392e-02
-6.924649036529186841e-01
-1.975540667578386533e-01
-3.713543160272487764e-01
1.106958089393047517e+00
3.016845189923487602e+00
2.565381137507198872e-01
-5.568009250939391641e-02
-6.917577720820489162e-01
-1.971321882474088294e-01
-3.744214319657683809e-01
1.103149304266883401e+00
3.016845167427425256e+00
2.744740426101979769e-01
-5.766535619024959480e-02
-6.906524994267705386e-01
-1.969368183458160837e-01
-3.772848993824565733e-01
1.103149354990854203e+00
3.016845037379601191e+00
2.962684882600615799e-01
-5.956783405497981937e-02
-6.932015493413873353e-01
-1.967697327753295533e-01
-3.800426814930876751e-01
1.106455005668100400e+00
3.016844973869317936e+00
3.232483413176386322e-01
-6.154312405734420344e-02
-6.920351117604049973e-01
-1.977786073644724196e-01
-3.828945946127629840e-01
1.106455056275451376e+00
3.016844743732314704e+00
3.579988262941775079e-01
-6.356127656059477882e-02
-6.897732991795555435e-01
-1.968227060899127023e-01
-3.855646830531290759e-01
1.106455106883116324e+00
3.016845511376170297e+00
4.043998070401460532e-01
-6.509014543372915185e-02
-6.888769855727362446e-01
-1.962886555186811877e-01
-2.998869745936380671e+00
-2.504824469380876328e-01
-2.556864297993253002e-02
-4.552430074228662749e-01
1.989006732920018727e+00
-1.413665162551722490e-02
-3.652804391238363979e-01
-3.580736308494019693e-01
-1.163158764621531616e-01
2.278420557064756435e-01
-5.200770566698588449e-02
-6.937977542782798324e-01
-1.979597741923523058e-01
-3.683003260562205394e-01
1.106908498896322923e+00
3.016845418692391423e+00
2.412359529585115792e-01
-5.352260994716625392e-02
-6.924649036529186841e-01
-1.975540667578386533e-01
-3.713543160272487764e-01
1.106958089393047517e+00
3.016845189923487602e+00
2.565381137507198872e-01
-5.568009250939391641e-02
-6.917577720820489162e-01
-1.971321882474088294e-01
-3.744214319657683809e-01
1.103149304266883401e+00
3.016845167427425256e+00
2.744740426101979769e-01
-5.766535619024959480e-02
-6.906524994267705386e-01
-1.969368183458160837e-01
-3.772848993824565733e-01
1.103149354990854203e+00
3.016845037379601191e+00
2.962684882600615799e-01
-5.956783405497981937e-02
-6.932015493413873353e-01
-1.967697327753295533e-01
-3.800426814930876751e-01
1.106455005668100400e+00
3.016844973869317936e+00
3.232483413176386322e-01
-6.154312405734420344e-02
-6.920351117604049973e-01
-1.977786073644724196e-01
-3.828945946127629840e-01
1.106455056275451376e+00
3.016844743732314704e+00
3.579988262941775079e-01
-6.356127656059477882e-02
-6.897732991795555435e-01
-1.968227060899127023e-01
-3.855646830531290759e-01
1.106455106883116324e+00
3.016845511376170297e+00
4.043998070401460532e-01
-6.509014543372915185e-02
-6.888769855727362446e-01
-1.962886555186811877e-01
-2.998869745936380671e+00
-2.504824469380876328e-01
-2.556864297993253002e-02
-4.552430074228662749e-01
1.989006732920018727e+00
-9.520039218293480099e-02
-3.652804391238363979e-01
-3.580736308494019693e-01
-1.163158764621531616e-01
2.278420557064756435e-01
-5.200770566698588449e-02
-6.937977542782798324e-01
-1.979597741923523058e-01
-3.683003260562205394e-01
1.106908498896322923e+00
3.016845418692391423e+00
2.412359529585115792e-01
-5.352260994716625392e-02
-6.924649036529186841e-01
-1.975540667578386533e-01
-3.713543160272487764e-01
1.106958089393047517e+00
3.016845189923487602e+00
2.565381137507198872e-01
-5.568009250939391641e-02
-6.917577720820489162e-01
-1.971321882474088294e-01
-3.744214319657683809e-01
1.103149304266883401e+00
3.016845167427425256e+00
2.744740426101979769e-01
-5.766535619024959480e-02
-6.906524994267705386e-01
-1.969368183458160837e-01
-3.772848993824565733e-01
1.103149354990854203e+00
3.016845037379601191e+00
2.962684882600615799e-01
-5.956783405497981937e-02
-6.932015493413873353e-01
-1.967697327753295533e-01
-3.800426814930876751e-01
1.106455005668100400e+00
3.016844973869317936e+00
3.232483413176386322e-01
-6.154312405734420344e-02
-6.920351117604049973e-01
-1.977786073644724196e-01
-3.828945946127629840e-01
1.106455056275451376e+00
3.016844743732314704e+00
3.579988262941775079e-01
-6.356127656059477882e-02
-6.897732991795555435e-01
-1.968227060899127023e-01
-3.855646830531290759e-01
1.106455106883116324e+00
3.016845511376170297e+00
4.043998070401460532e-01
-6.509014543372915185e-02
-6.888769855727362446e-01
-1.962886555186811877e-01
-2.998869745936380671e+00
-2.504824469380876328e-01
-2.556864297993253002e-02
-4.552430074228662749e-01
1.989006732920018727e+00
-1.066598805640739389e-01
-3.652804391238363979e-01
-3.580736308494019693e-01
-1.163158764621531616e-01
2.278420557064756435e-01
-5.200770566698588449e-02
-6.937977542782798324e-01
-1.979597741923523058e-01
-3.683003260562205394e-01
1.106908498896322923e+00
3.016845418692391423e+00
2.412359529585115792e-01
-5.352260994716625392e-02
-6.924649036529186841e-01
-1.975540667578386533e-01
-3.713543160272487764e-01
1.106958089393047517e+00
3.016845189923487602e+00
2.565381137507198872e-01
-5.568009250939391641e-02
-6.917577720820489162e-01
-1.971321882474088294e-01
-3.744214319657683809e-01
1.103149304266883401e+00
3.016845167427425256e+00
2.744740426101979769e-01
-5.766535619024959480e-02
-6.906524994267705386e-01
-1.969368183458160837e-01
-3.772848993824565733e-01
1.103149354990854203e+00
3.016845037379601191e+00
2.962684882600615799e-01
-5.956783405497981937e-02
-6.932015493413873353e-01
-1.967697327753295533e-01
-3.800426814930876751e-01
1.106455005668100400e+00
3.016844973869317936e+00
3.232483413176386322e-01
-6.154312405734420344e-02
-6.920351117604049973e-01
-1.977786073644724196e-01
-3.828945946127629840e-01
1.106455056275451376e+00
3.016844743732314704e+00
3.579988262941775079e-01
-6.356127656059477882e-02
-6.897732991795555435e-01
-1.968227060899127023e-01
-3.855646830531290759e-01
1.106455106883116324e+00
3.016845511376170297e+00
4.043998070401460532e-01
-6.509014543372915185e-02
-6.888769855727362446e-01
-1.962886555186811877e-01
-2.998869745936380671e+00
-2.504824469380876328e-01
-2.556864297993253002e-02
-4.552430074228662749e-01
1.989006732920018727e+00
-8.109804399783765438e-02
-3.652804391238363979e-01
-3.580736308494019693e-01
-1.163158764621531616e-01
2.278420557064756435e-01
-5.200770566698588449e-02
-6.937977542782798324e-01
-1.979597741923523058e-01
-3.683003260562205394e-01
1.106908498896322923e+00
3.016845418692391423e+00
2.412359529585115792e-01
-5.352260994716625392e-02
-6.924649036529186841e-01
-1.975540667578386533e-01
-3.713543160272487764e-01
1.106958089393047517e+00
3.016845189923487602e+00
2.565381137507198872e-01
-5.568009250939391641e-02
-6.917577720820489162e-01
-1.971321882474088294e-01
-3.744214319657683809e-01
1.103149304266883401e+00
3.016845167427425256e+00
2.744740426101979769e-01
-5.766535619024959480e-02
-6.906524994267705386e-01
-1.969368183458160837e-01
-3.772848993824565733e-01
1.103149354990854203e+00
3.016845037379601191e+00
2.962684882600615799e-01
-5.956783405497981937e-02
-6.932015493413873353e-01
-1.967697327753295533e-01
-3.800426814930876751e-01
1.106455005668100400e+00
3.016844973869317936e+00
3.232483413176386322e-01
-6.154312405734420344e-02
-6.920351117604049973e-01
-1.977786073644724196e-01
-3.828945946127629840e-01
1.106455056275451376e+00
3.016844743732314704e+00
3.579988262941775079e-01
-6.356127656059477882e-02
-6.897732991795555435e-01
-1.968227060899127023e-01
-3.855646830531290759e-01
1.106455106883116324e+00
3.016845511376170297e+00
4.043998070401460532e-01
-6.509014543372915185e-02
-6.888769855727362446e-01
-1.962886555186811877e-01
-2.998869745936380671e+00
-2.504824469380876328e-01
-2.556864297993253002e-02
-4.552430074228662749e-01
1.989006732920018727e+00
-1.780765556626795199e-01
-3.652804391238363979e-01
-3.580736308494019693e-01
-1.163158764621531616e-01
2.278420557064756435e-01
-5.200770566698588449e-02
-6.937977542782798324e-01
-1.979597741923523058e-01
-3.683003260562205394e-01
1.106908498896322923e+00
3.016845418692391423e+00
2.412359529585115792e-01
-5.352260994716625392e-02
-6.924649036529186841e-01
-1.975540667578386533e-01
-3.713543160272487764e-01
1.106958089393047517e+00
3.016845189923487602e+00
2.565381137507198872e-01
-5.568009250939391641e-02
-6.917577720820489162e-01
-1.971321882474088294e-01
-3.744214319657683809e-01
1.103149304266883401e+00
3.016845167427425256e+00
2.744740426101979769e-01
-5.766535619024959480e-02
-6.906524994267705386e-01
-1.969368183458160837e-01
-3.772848993824565733e-01
1.103149354990854203e+00
3.016845037379601191e+00
2.962684882600615799e-01
-5.956783405497981937e-02
-6.932015493413873353e-01
-1.967697327753295533e-01
-3.800426814930876751e-01
1.106455005668100400e+00
3.016844973869317936e+00
3.232483413176386322e-01
-6.154312405734420344e-02
-6.920351117604049973e-01
-1.977786073644724196e-01
-3.828945946127629840e-01
1.106455056275451376e+00
3.016844743732314704e+00
3.579988262941775079e-01
-6.356127656059477882e-02
-6.897732991795555435e-01
-1.968227060899127023e-01
-3.855646830531290759e-01
1.106455106883116324e+00
3.016845511376170297e+00
4.043998070401460532e-01
-6.509014543372915185e-02
-6.888769855727362446e-01
-1.962886555186811877e-01
-2.998869745936380671e+00
-2.504824469380876328e-01
-2.556864297993253002e-02
-4.552430074228662749e-01
1.989006732920018727e+00
-1.516457265717301994e-01
-3.652804391238363979e-01
-3.580736308494019693e-01
-1.163158764621531616e-01
2.278420557064756435e-01
-5.200770566698588449e-02
-6.937977542782798324e-01
-1.979597741923523058e-01
-3.683003260562205394e-01
1.106908498896322923e+00
3.016845418692391423e+00
2.412359529585115792e-01
-5.352260994716625392e-02
-6.924649036529186841e-01
-1.975540667578386533e-01
-3.713543160272487764e-01
1.106958089393047517e+00
3.016845189923487602e+00
2.565381137507198872e-01
-5.568009250939391641e-02
-6.917577720820489162e-01
-1.971321882474088294e-01
-3.744214319657683809e-01
1.103149304266883401e+00
3.016845167427425256e+00
2.744740426101979769e-01
-5.766535619024959480e-02
-6.906524994267705386e-01
-1.969368183458160837e-01
-3.772848993824565733e-01
1.103149354990854203e+00
3.016845037379601191e+00
2.962684882600615799e-01
-5.956783405497981937e-02
-6.932015493413873353e-01
-1.967697327753295533e-01
-3.800426814930876751e-01
1.106455005668100400e+00
3.016844973869317936e+00
3.232483413176386322e-01
-6.154312405734420344e-02
-6.920351117604049973e-01
-1.977786073644724196e-01
-3.828945946127629840e-01
1.106455056275451376e+00
3.016844743732314704e+00
3.579988262941775079e-01
-6.356127656059477882e-02
-6.897732991795555435e-01
-1.968227060899127023e-01
-3.855646830531290759e-01
1.106455106883116324e+00
3.016845511376170297e+00
4.043998070401460532e-01
-6.509014543372915185e-02
-6.888769855727362446e-01
-1.962886555186811877e-01
-2.998869745936380671e+00
-2.504824469380876328e-01
-2.556864297993253002e-02
-4.552430074228662749e-01
1.989006732920018727e+00
-1.295408945029506709e-01
-3.652804391238363979e-01
-3.580736308494019693e-01
-1.163158764621531616e-01
2.278420557064756435e-01
-5.200770566698588449e-02
-6.937977542782798324e-01
-1.979597741923523058e-01
-3.683003260562205394e-01
1.106908498896322923e+00
3.016845418692391423e+00
2.412359529585115792e-01
-5.352260994716625392e-02
-6.924649036529186841e-01
-1.975540667578386533e-01
-3.713543160272487764e-01
1.106958089393047517e+00
3.016845189923487602e+00
2.565381137507198872e-01
-5.568009250939391641e-02
-6.917577720820489162e-01
-1.971321882474088294e-01
-3.744214319657683809e-01
1.103149304266883401e+00
3.016845167427425256e+00
2.744740426101979769e-01
-5.766535619024959480e-02
-6.906524994267705386e-01
-1.969368183458160837e-01
-3.772848993824565733e-01
1.103149354990854203e+00
3.016845037379601191e+00
2.962684882600615799e-01
-5.956783405497981937e-02
-6.932015493413873353e-01
-1.967697327753295533e-01
-3.800426814930876751e-01
1.106455005668100400e+00
3.016844973869317936e+00
3.232483413176386322e-01
-6.154312405734420344e-02
-6.920351117604049973e-01
-1.977786073644724196e-01
-3.828945946127629840e-01
1.106455056275451376e+00
3.016844743732314704e+00
3.579988262941775079e-01
-6.356127656059477882e-02
-6.897732991795555435e-01
-1.968227060899127023e-01
-3.855646830531290759e-01
1.106455106883116324e+00
3.016845511376170297e+00
4.043998070401460532e-01
-6.509014543372915185e-02
-6.888769855727362446e-01
-1.962886555186811877e-01
-2.998869745936380671e+00
-2.504824469380876328e-01
-2.556864297993253002e-02
-4.552430074228662749e-01
1.989006732920018727e+00
-1.037853286527246760e-01
-3.652804391238363979e-01
-3.580736308494019693e-01
-1.163158764621531616e-01
2.278420557064756435e-01
-5.200770566698588449e-02
-6.937977542782798324e-01
-1.979597741923523058e-01
-3.683003260562205394e-01
1.106908498896322923e+00
3.016845418692391423e+00
2.412359529585115792e-01
-5.352260994716625392e-02
-6.924649036529186841e-01
-1.975540667578386533e-01
-3.713543160272487764e-01
1.106958089393047517e+00
3.016845189923487602e+00
2.565381137507198872e-01
-5.568009250939391641e-02
-6.917577720820489162e-01
-1.971321882474088294e-01
-3.744214319657683809e-01
1.103149304266883401e+00
3.016845167427425256e+00
2.744740426101979769e-01
-5.766535619024959480e-02
-6.906524994267705386e-01
-1.969368183458160837e-01
-3.772848993824565733e-01
1.103149354990854203e+00
3.016845037379601191e+00
2.962684882600615799e-01
-5.956783405497981937e-02
-6.932015493413873353e-01
-1.967697327753295533e-01
-3.800426814930876751e-01
1.106455005668100400e+00
3.016844973869317936e+00
3.232483413176386322e-01
-6.154312405734420344e-02
-6.920351117604049973e-01
-1.977786073644724196e-01
-3.828945946127629840e-01
1.106455056275451376e+00
3.016844743732314704e+00
3.579988262941775079e-01
-6.356127656059477882e-02
-6.897732991795555435e-01
-1.968227060899127023e-01
-3.855646830531290759e-01
1.106455106883116324e+00
3.016845511376170297e+00
4.043998070401460532e-01
-6.509014543372915185e-02
-6.888769855727362446e-01
-1.962886555186811877e-01
-2.998869745936380671e+00
-2.504824469380876328e-01
-2.556864297993253002e-02
-4.552430074228662749e-01
1.989006732920018727e+00
-2.043009631261569481e-01
-3.652804391238363979e-01
-3.580736308494019693e-01
-1.163158764621531616e-01
2.278420557064756435e-01
-5.200770566698588449e-02
-6.937977542782798324e-01
-1.979597741923523058e-01
-3.683003260562205394e-01
1.106908498896322923e+00
3.016845418692391423e+00
2.412359529585115792e-01
-5.352260994716625392e-02
-6.924649036529186841e-01
-1.975540667578386533e-01
-3.713543160272487764e-01
1.106958089393047517e+00
3.016845189923487602e+00
2.565381137507198872e-01
-5.568009250939391641e-02
-6.917577720820489162e-01
-1.971321882474088294e-01
-3.744214319657683809e-01
1.103149304266883401e+00
3.016845167427425256e+00
2.744740426101979769e-01
-5.766535619024959480e-02
-6.906524994267705386e-01
-1.969368183458160837e-01
-3.772848993824565733e-01
1.103149354990854203e+00
3.016845037379601191e+00
2.962684882600615799e-01
-5.956783405497981937e-02
-6.932015493413873353e-01
-1.967697327753295533e-01
-3.800426814930876751e-01
1.106455005668100400e+00
3.016844973869317936e+00
3.232483413176386322e-01
-6.154312405734420344e-02
-6.920351117604049973e-01
-1.977786073644724196e-01
-3.828945946127629840e-01
1.106455056275451376e+00
3.016844743732314704e+00
3.579988262941775079e-01
-6.356127656059477882e-02
-6.897732991795555435e-01
-1.968227060899127023e-01
-3.855646830531290759e-01
1.106455106883116324e+00
3.016845511376170297e+00
4.043998070401460532e-01
-6.509014543372915185e-02
-6.888769855727362446e-01
-1.962886555186811877e-01
-2.998869745936380671e+00
-2.504824469380876328e-01
-2.556864297993253002e-02
-4.552430074228662749e-01
1.989006732920018727e+00
-1.827009760973169195e-01
-9.896093359895188346e-01
-3.675098931663170809e+00
