2.850541267383467359e-01
2.838688776990446749e-01
-8.243507490770385360e-02
-5.481323819152756488e-02
-1.384960029595057041e-01
-5.807516349952748097e-02
-1.524792527734953329e-01
2.868267827920860102e-01
-2.539796147868003326e-02
-3.009964348265945291e-02
-5.501849657885250766e-02
-1.399707868044647863e-01
-8.051970421442822268e-02
-1.536879419935844315e-01
2.897473093293330137e-01
-2.539856517526499144e-02
-3.013001441681702891e-02
-5.539744401872252061e-02
-1.431058251819611882e-01
-8.507382305203141371e-02
-1.537106532993991748e-01
2.924213806865245679e-01
-2.538336329741146605e-02
-3.010817313303685433e-02
-5.598146307724760629e-02
-1.430639160885936734e-01
-8.397126714030654637e-02
-1.535855281339081890e-01
2.912843895412595696e-01
-2.538336404075632394e-02
-3.014274226072485852e-02
-5.673161257521872752e-02
-1.464542677183628405e-01
-8.949955468776751855e-02
-1.537613870689077400e-01
2.901541194169941495e-01
-2.539646905482845218e-02
-3.014007292161310914e-02
-5.786161086656944202e-02
-1.489744412544159180e-01
-9.551113502329003357e-02
-1.549660925591332672e-01
2.899939516218996149e-01
-2.539646960200213702e-02
-3.015060100419125408e-02
-5.965153365497501831e-02
-1.490717045787276762e-01
-9.473300599459105742e-02
-1.541340071271087298e-01
2.889146491883998746e-01
-2.539647027149272845e-02
-3.018687041662775072e-02
-6.251570589063831784e-02
-1.497709058595309561e-01
-8.093948295632048817e-02
-1.527779564055465333e-01
3.497838304209204691e-02
1.271769052896840058e-01
5.661498714549811906e-02
1.309037152770549939e-01
-1.917155838601800749e-02
-8.084883563269297524e-02
2.850541267383467359e-01
2.838688776990446749e-01
-8.243507490770385360e-02
-5.481323819152756488e-02
-1.384960029595057041e-01
-5.807516349952748097e-02
-1.524792527734953329e-01
2.868267827920860102e-01
-2.539796147868003326e-02
-3.009964348265945291e-02
-5.501849657885250766e-02
-1.399707868044647863e-01
-8.051970421442822268e-02
-1.536879419935844315e-01
2.897473093293330137e-01
-2.539856517526499144e-02
-3.013001441681702891e-02
-5.539744401872252061e-02
-1.431058251819611882e-01
-8.507382305203141371e-02
-1.537106532993991748e-01
2.924213806865245679e-01
-2.538336329741146605e-02
-3.010817313303685433e-02
-5.598146307724760629e-02
-1.430639160885936734e-01
-8.397126714030654637e-02
-1.535855281339081890e-01
2.912843895412595696e-01
-2.538336404075632394e-02
-3.014274226072485852e-02
-5.673161257521872752e-02
-1.464542677183628405e-01
-8.949955468776751855e-02
-1.537613870689077400e-01
2.901541194169941495e-01
-2.539646905482845218e-02
-3.014007292161310914e-02
-5.786161086656944202e-02
-1.489744412544159180e-01
-9.551113502329003357e-02
-1.549660925591332672e-01
2.899939516218996149e-01
-2.539646960200213702e-02
-3.015060100419125408e-02
-5.965153365497501831e-02
-1.490717045787276762e-01
-9.473300599459105742e-02
-1.541340071271087298e-01
2.889146491883998746e-01
-2.539647027149272845e-02
-3.018687041662775072e-02
-6.251570589063831784e-02
-1.497709058595309561e-01
-8.093948295632048817e-02
-1.527779564055465333e-01
3.497838304209204691e-02
1.271769052896840058e-01
5.661498714549811906e-02
1.309037152770549939e-01
-1.917155838601800749e-02
-8.212039342548277387e-02
2.850541267383467359e-01
2.838688776990446749e-01
-8.243507490770385360e-02
-5.481323819152756488e-02
-1.384960029595057041e-01
-5.807516349952748097e-02
-1.524792527734953329e-01
2.868267827920860102e-01
-2.539796147868003326e-02
-3.009964348265945291e-02
-5.501849657885250766e-02
-1.399707868044647863e-01
-8.051970421442822268e-02
-1.536879419935844315e-01
2.897473093293330137e-01
-2.539856517526499144e-02
-3.013001441681702891e-02
-5.539744401872252061e-02
-1.431058251819611882e-01
-8.507382305203141371e-02
-1.537106532993991748e-01
2.924213806865245679e-01
-2.538336329741146605e-02
-3.010817313303685433e-02
-5.598146307724760629e-02
-1.430639160885936734e-01
-8.397126714030654637e-02
-1.535855281339081890e-01
2.912843895412595696e-01
-2.538336404075632394e-02
-3.014274226072485852e-02
-5.673161257521872752e-02
-1.464542677183628405e-01
-8.949955468776751855e-02
-1.537613870689077400e-01
2.901541194169941495e-01
-2.539646905482845218e-02
-3.014007292161310914e-02
-5.786161086656944202e-02
-1.489744412544159180e-01
-9.551113502329003357e-02
-1.549660925591332672e-01
2.899939516218996149e-01
-2.539646960200213702e-02
-3.015060100419125408e-02
-5.965153365497501831e-02
-1.490717045787276762e-01
-9.473300599459105742e-02
-1.541340071271087298e-01
2.889146491883998746e-01
-2.539647027149272845e-02
-3.018687041662775072e-02
-6.251570589063831784e-02
-1.497709058595309561e-01
-8.093948295632048817e-02
-1.527779564055465333e-01
3.497838304209204691e-02
1.271769052896840058e-01
5.661498714549811906e-02
1.309037152770549939e-01
-1.917155838601800749e-02
-7.947850209658166576e-02
2.850541267383467359e-01
2.838688776990446749e-01
-8.243507490770385360e-02
-5.481323819152756488e-02
-1.384960029595057041e-01
-5.807516349952748097e-02
-1.524792527734953329e-01
2.868267827920860102e-01
-2.539796147868003326e-02
-3.009964348265945291e-02
-5.501849657885250766e-02
-1.399707868044647863e-01
-8.051970421442822268e-02
-1.536879419935844315e-01
2.897473093293330137e-01
-2.539856517526499144e-02
-3.013001441681702891e-02
-5.539744401872252061e-02
-1.431058251819611882e-01
-8.507382305203141371e-02
-1.537106532993991748e-01
2.924213806865245679e-01
-2.538336329741146605e-02
-3.010817313303685433e-02
-5.598146307724760629e-02
-1.430639160885936734e-01
-8.397126714030654637e-02
-1.535855281339081890e-01
2.912843895412595696e-01
-2.538336404075632394e-02
-3.014274226072485852e-02
-5.673161257521872752e-02
-1.464542677183628405e-01
-8.949955468776751855e-02
-1.537613870689077400e-01
2.901541194169941495e-01
-2.539646905482845218e-02
-3.014007292161310914e-02
-5.786161086656944202e-02
-1.489744412544159180e-01
-9.551113502329003357e-02
-1.549660925591332672e-01
2.899939516218996149e-01
-2.539646960200213702e-02
-3.015060100419125408e-02
-5.965153365497501831e-02
-1.490717045787276762e-01
-9.473300599459105742e-02
-1.541340071271087298e-01
2.889146491883998746e-01
-2.539647027149272845e-02
-3.018687041662775072e-02
-6.251570589063831784e-02
-1.497709058595309561e-01
-8.093948295632048817e-02
-1.527779564055465333e-01
3.497838304209204691e-02
1.271769052896840058e-01
5.661498714549811906e-02
1.309037152770549939e-01
-1.917155838601800749e-02
-7.994692921846743849e-02
2.850541267383467359e-01
2.838688776990446749e-01
-8.243507490770385360e-02
-5.481323819152756488e-02
-1.384960029595057041e-01
-5.807516349952748097e-02
-1.524792527734953329e-01
2.868267827920860102e-01
-2.539796147868003326e-02
-3.009964348265945291e-02
-5.501849657885250766e-02
-1.399707868044647863e-01
-8.051970421442822268e-02
-1.536879419935844315e-01
2.897473093293330137e-01
-2.539856517526499144e-02
-3.013001441681702891e-02
-5.539744401872252061e-02
-1.431058251819611882e-01
-8.507382305203141371e-02
-1.537106532993991748e-01
2.924213806865245679e-01
-2.538336329741146605e-02
-3.010817313303685433e-02
-5.598146307724760629e-02
-1.430639160885936734e-01
-8.397126714030654637e-02
-1.535855281339081890e-01
2.912843895412595696e-01
-2.538336404075632394e-02
-3.014274226072485852e-02
-5.673161257521872752e-02
-1.464542677183628405e-01
-8.949955468776751855e-02
-1.537613870689077400e-01
2.901541194169941495e-01
-2.539646905482845218e-02
-3.014007292161310914e-02
-5.786161086656944202e-02
-1.489744412544159180e-01
-9.551113502329003357e-02
-1.549660925591332672e-01
2.899939516218996149e-01
-2.539646960200213702e-02
-3.015060100419125408e-02
-5.965153365497501831e-02
-1.490717045787276762e-01
-9.473300599459105742e-02
-1.541340071271087298e-01
2.889146491883998746e-01
-2.539647027149272845e-02
-3.018687041662775072e-02
-6.251570589063831784e-02
-1.497709058595309561e-01
-8.093948295632048817e-02
-1.527779564055465333e-01
3.497838304209204691e-02
1.271769052896840058e-01
5.661498714549811906e-02
1.309037152770549939e-01
-1.917155838601800749e-02
-7.971401776537258288e-02
2.850541267383467359e-01
2.838688776990446749e-01
-8.243507490770385360e-02
-5.481323819152756488e-02
-1.384960029595057041e-01
-5.807516349952748097e-02
-1.524792527734953329e-01
2.868267827920860102e-01
-2.539796147868003326e-02
-3.009964348265945291e-02
-5.501849657885250766e-02
-1.399707868044647863e-01
-8.051970421442822268e-02
-1.536879419935844315e-01
2.897473093293330137e-01
-2.539856517526499144e-02
-3.013001441681702891e-02
-5.539744401872252061e-02
-1.431058251819611882e-01
-8.507382305203141371e-02
-1.537106532993991748e-01
2.924213806865245679e-01
-2.538336329741146605e-02
-3.010817313303685433e-02
-5.598146307724760629e-02
-1.430639160885936734e-01
-8.397126714030654637e-02
-1.535855281339081890e-01
2.912843895412595696e-01
-2.538336404075632394e-02
-3.014274226072485852e-02
-5.673161257521872752e-02
-1.464542677183628405e-01
-8.949955468776751855e-02
-1.537613870689077400e-01
2.901541194169941495e-01
-2.539646905482845218e-02
-3.014007292161310914e-02
-5.786161086656944202e-02
-1.489744412544159180e-01
-9.551113502329003357e-02
-1.549660925591332672e-01
2.899939516218996149e-01
-2.539646960200213702e-02
-3.015060100419125408e-02
-5.965153365497501831e-02
-1.490717045787276762e-01
-9.473300599459105742e-02
-1.541340071271087298e-01
2.889146491883998746e-01
-2.539647027149272845e-02
-3.018687041662775072e-02
-6.251570589063831784e-02
-1.497709058595309561e-01
-8.093948295632048817e-02
-1.527779564055465333e-01
3.497838304209204691e-02
1.271769052896840058e-01
5.661498714549811906e-02
1.309037152770549939e-01
-1.917155838601800749e-02
-8.058110212943427053e-02
2.850541267383467359e-01
2.838688776990446749e-01
-8.243507490770385360e-02
-5.481323819152756488e-02
-1.384960029595057041e-01
-5.807516349952748097e-02
-1.524792527734953329e-01
2.868267827920860102e-01
-2.539796147868003326e-02
-3.009964348265945291e-02
-5.501849657885250766e-02
-1.399707868044647863e-01
-8.051970421442822268e-02
-1.536879419935844315e-01
2.897473093293330137e-01
-2.539856517526499144e-02
-3.013001441681702891e-02
-5.539744401872252061e-02
-1.431058251819611882e-01
-8.507382305203141371e-02
-1.537106532993991748e-01
2.924213806865245679e-01
-2.538336329741146605e-02
-3.010817313303685433e-02
-5.598146307724760629e-02
-1.430639160885936734e-01
-8.397126714030654637e-02
-1.535855281339081890e-01
2.912843895412595696e-01
-2.538336404075632394e-02
-3.014274226072485852e-02
-5.673161257521872752e-02
-1.464542677183628405e-01
-8.949955468776751855e-02
-1.537613870689077400e-01
2.901541194169941495e-01
-2.539646905482845218e-02
-3.014007292161310914e-02
-5.786161086656944202e-02
-1.489744412544159180e-01
-9.551113502329003357e-02
-1.549660925591332672e-01
2.899939516218996149e-01
-2.539646960200213702e-02
-3.015060100419125408e-02
-5.965153365497501831e-02
-1.490717045787276762e-01
-9.473300599459105742e-02
-1.541340071271087298e-01
2.889146491883998746e-01
-2.539647027149272845e-02
-3.018687041662775072e-02
-6.251570589063831784e-02
-1.497709058595309561e-01
-8.093948295632048817e-02
-1.527779564055465333e-01
3.497838304209204691e-02
1.271769052896840058e-01
5.661498714549811906e-02
1.309037152770549939e-01
-1.917155838601800749e-02
-8.078614691605916220e-02
2.850541267383467359e-01
2.838688776990446749e-01
-8.243507490770385360e-02
-5.481323819152756488e-02
-1.384960029595057041e-01
-5.807516349952748097e-02
-1.524792527734953329e-01
2.868267827920860102e-01
-2.539796147868003326e-02
-3.009964348265945291e-02
-5.501849657885250766e-02
-1.399707868044647863e-01
-8.051970421442822268e-02
-1.536879419935844315e-01
2.897473093293330137e-01
-2.539856517526499144e-02
-3.013001441681702891e-02
-5.539744401872252061e-02
-1.431058251819611882e-01
-8.507382305203141371e-02
-1.537106532993991748e-01
2.924213806865245679e-01
-2.538336329741146605e-02
-3.010817313303685433e-02
-5.598146307724760629e-02
-1.430639160885936734e-01
-8.397126714030654637e-02
-1.535855281339081890e-01
2.912843895412595696e-01
-2.538336404075632394e-02
-3.014274226072485852e-02
-5.673161257521872752e-02
-1.464542677183628405e-01
-8.949955468776751855e-02
-1.537613870689077400e-01
2.901541194169941495e-01
-2.539646905482845218e-02
-3.014007292161310914e-02
-5.786161086656944202e-02
-1.489744412544159180e-01
-9.551113502329003357e-02
-1.549660925591332672e-01
2.899939516218996149e-01
-2.539646960200213702e-02
-3.015060100419125408e-02
-5.965153365497501831e-02
-1.490717045787276762e-01
-9.473300599459105742e-02
-1.541340071271087298e-01
2.889146491883998746e-01
-2.539647027149272845e-02
-3.018687041662775072e-02
-6.251570589063831784e-02
-1.497709058595309561e-01
-8.093948295632048817e-02
-1.527779564055465333e-01
3.497838304209204691e-02
1.271769052896840058e-01
5.661498714549811906e-02
1.309037152770549939e-01
-1.917155838601800749e-02
-8.042086476616795709e-02
2.850541267383467359e-01
2.838688776990446749e-01
-8.243507490770385360e-02
-5.481323819152756488e-02
-1.384960029595057041e-01
-5.807516349952748097e-02
-1.524792527734953329e-01
2.868267827920860102e-01
-2.539796147868003326e-02
-3.009964348265945291e-02
-5.501849657885250766e-02
-1.399707868044647863e-01
-8.051970421442822268e-02
-1.536879419935844315e-01
2.897473093293330137e-01
-2.539856517526499144e-02
-3.013001441681702891e-02
-5.539744401872252061e-02
-1.431058251819611882e-01
-8.507382305203141371e-02
-1.537106532993991748e-01
2.924213806865245679e-01
-2.538336329741146605e-02
-3.010817313303685433e-02
-5.598146307724760629e-02
-1.430639160885936734e-01
-8.397126714030654637e-02
-1.535855281339081890e-01
2.912843895412595696e-01
-2.538336404075632394e-02
-3.014274226072485852e-02
-5.673161257521872752e-02
-1.464542677183628405e-01
-8.949955468776751855e-02
-1.537613870689077400e-01
2.901541194169941495e-01
-2.539646905482845218e-02
-3.014007292161310914e-02
-5.786161086656944202e-02
-1.489744412544159180e-01
-9.551113502329003357e-02
-1.549660925591332672e-01
2.899939516218996149e-01
-2.539646960200213702e-02
-3.015060100419125408e-02
-5.965153365497501831e-02
-1.490717045787276762e-01
-9.473300599459105742e-02
-1.541340071271087298e-01
2.889146491883998746e-01
-2.539647027149272845e-02
-3.018687041662775072e-02
-6.251570589063831784e-02
-1.497709058595309561e-01
-8.093948295632048817e-02
-1.527779564055465333e-01
3.497838304209204691e-02
1.271769052896840058e-01
5.661498714549811906e-02
1.309037152770549939e-01
-1.917155838601800749e-02
-8.217352557987767092e-02
2.850541267383467359e-01
2.838688776990446749e-01
-8.243507490770385360e-02
-5.481323819152756488e-02
-1.384960029595057041e-01
-5.807516349952748097e-02
-1.524792527734953329e-01
2.868267827920860102e-01
-2.539796147868003326e-02
-3.009964348265945291e-02
-5.501849657885250766e-02
-1.399707868044647863e-01
-8.051970421442822268e-02
-1.536879419935844315e-01
2.897473093293330137e-01
-2.539856517526499144e-02
-3.013001441681702891e-02
-5.539744401872252061e-02
-1.431058251819611882e-01
-8.507382305203141371e-02
-1.537106532993991748e-01
2.924213806865245679e-01
-2.538336329741146605e-02
-3.010817313303685433e-02
-5.598146307724760629e-02
-1.430639160885936734e-01
-8.397126714030654637e-02
-1.535855281339081890e-01
2.912843895412595696e-01
-2.538336404075632394e-02
-3.014274226072485852e-02
-5.673161257521872752e-02
-1.464542677183628405e-01
-8.949955468776751855e-02
-1.537613870689077400e-01
2.901541194169941495e-01
-2.539646905482845218e-02
-3.014007292161310914e-02
-5.786161086656944202e-02
-1.489744412544159180e-01
-9.551113502329003357e-02
-1.549660925591332672e-01
2.899939516218996149e-01
-2.539646960200213702e-02
-3.015060100419125408e-02
-5.965153365497501831e-02
-1.490717045787276762e-01
-9.473300599459105742e-02
-1.541340071271087298e-01
2.889146491883998746e-01
-2.539647027149272845e-02
-3.018687041662775072e-02
-6.251570589063831784e-02
-1.497709058595309561e-01
-8.093948295632048817e-02
-1.527779564055465333e-01
3.497838304209204691e-02
1.271769052896840058e-01
5.661498714549811906e-02
1.309037152770549939e-01
-1.917155838601800749e-02
-8.367922719969664302e-02
5.716274092733623080e-01
6.402893324801202206e-03
