-3.575634012727128552e-01
-3.495165733024349075e-01
1.293754484410885620e-02
3.687132482864333705e-01
7.246843100446418440e-01
-7.667779870499907835e-02
1.037928474557673564e+00
-3.598290240171784782e-01
-2.539811037171427893e-02
-2.974053186028052451e-02
3.583284498730618384e-01
7.423092614076610696e-01
-6.778541176126549883e-02
1.041164696898592590e+00
-3.622593529762296871e-01
-2.539871515416243855e-02
-2.973910481235149048e-02
3.626270838246158368e-01
7.699502188765678934e-01
-6.033177903246870338e-02
1.046547823577139491e+00
-3.648304338171243222e-01
-2.538351476893276060e-02
-2.968072410934743596e-02
3.807761806360386303e-01
7.868910307537770876e-01
-5.569540125282536336e-02
1.050222761774294744e+00
-3.672056997278915769e-01
-2.538351532758963483e-02
-2.969090682439694609e-02
4.036717196109838035e-01
8.026595891382551917e-01
-5.221903821692339825e-02
1.049197322144013400e+00
-3.694862237208617062e-01
-2.539662021429221761e-02
-2.964386003083391632e-02
4.348594827901621773e-01
8.158817909085939180e-01
-5.634124338566546403e-02
1.043867191897495106e+00
-3.719584113476603338e-01
-2.539662071314249120e-02
-2.966250244993309110e-02
4.786706155777865068e-01
8.214486982252141578e-01
-5.250838659257774099e-02
1.040251772459415580e+00
-3.743757276963405323e-01
-2.539662138112235013e-02
-2.963548164868815352e-02
5.416698914706958856e-01
8.283312140183894945e-01
-5.589284585100213337e-02
1.029570561647766613e+00
1.967598909028385468e-02
2.759712006677920160e-01
-1.348177159584210139e-01
2.786361450513418769e-01
-2.076153470750471963e-02
-8.841850622227720446e-02
-3.575634012727128552e-01
-3.495165733024349075e-01
1.293754484410885620e-02
3.687132482864333705e-01
7.246843100446418440e-01
-7.667779870499907835e-02
1.037928474557673564e+00
-3.598290240171784782e-01
-2.539811037171427893e-02
-2.974053186028052451e-02
3.583284498730618384e-01
7.423092614076610696e-01
-6.778541176126549883e-02
1.041164696898592590e+00
-3.622593529762296871e-01
-2.539871515416243855e-02
-2.973910481235149048e-02
3.626270838246158368e-01
7.699502188765678934e-01
-6.033177903246870338e-02
1.046547823577139491e+00
-3.648304338171243222e-01
-2.538351476893276060e-02
-2.968072410934743596e-02
3.807761806360386303e-01
7.868910307537770876e-01
-5.569540125282536336e-02
1.050222761774294744e+00
-3.672056997278915769e-01
-2.538351532758963483e-02
-2.969090682439694609e-02
4.036717196109838035e-01
8.026595891382551917e-01
-5.221903821692339825e-02
1.049197322144013400e+00
-3.694862237208617062e-01
-2.539662021429221761e-02
-2.964386003083391632e-02
4.348594827901621773e-01
8.158817909085939180e-01
-5.634124338566546403e-02
1.043867191897495106e+00
-3.719584113476603338e-01
-2.539662071314249120e-02
-2.966250244993309110e-02
4.786706155777865068e-01
8.214486982252141578e-01
-5.250838659257774099e-02
1.040251772459415580e+00
-3.743757276963405323e-01
-2.539662138112235013e-02
-2.963548164868815352e-02
5.416698914706958856e-01
8.283312140183894945e-01
-5.589284585100213337e-02
1.029570561647766613e+00
1.967598909028385468e-02
2.759712006677920160e-01
-1.348177159584210139e-01
2.786361450513418769e-01
-2.076153470750471963e-02
-7.484410421777304423e-02
-3.575634012727128552e-01
-3.495165733024349075e-01
1.293754484410885620e-02
3.687132482864333705e-01
7.246843100446418440e-01
-7.667779870499907835e-02
1.037928474557673564e+00
-3.598290240171784782e-01
-2.539811037171427893e-02
-2.974053186028052451e-02
3.583284498730618384e-01
7.423092614076610696e-01
-6.778541176126549883e-02
1.041164696898592590e+00
-3.622593529762296871e-01
-2.539871515416243855e-02
-2.973910481235149048e-02
3.626270838246158368e-01
7.699502188765678934e-01
-6.033177903246870338e-02
1.046547823577139491e+00
-3.648304338171243222e-01
-2.538351476893276060e-02
-2.968072410934743596e-02
3.807761806360386303e-01
7.868910307537770876e-01
-5.569540125282536336e-02
1.050222761774294744e+00
-3.672056997278915769e-01
-2.538351532758963483e-02
-2.969090682439694609e-02
4.036717196109838035e-01
8.026595891382551917e-01
-5.221903821692339825e-02
1.049197322144013400e+00
-3.694862237208617062e-01
-2.539662021429221761e-02
-2.964386003083391632e-02
4.348594827901621773e-01
8.158817909085939180e-01
-5.634124338566546403e-02
1.043867191897495106e+00
-3.719584113476603338e-01
-2.539662071314249120e-02
-2.966250244993309110e-02
4.786706155777865068e-01
8.214486982252141578e-01
-5.250838659257774099e-02
1.040251772459415580e+00
-3.743757276963405323e-01
-2.539662138112235013e-02
-2.963548164868815352e-02
5.416698914706958856e-01
8.283312140183894945e-01
-5.589284585100213337e-02
1.029570561647766613e+00
1.967598909028385468e-02
2.759712006677920160e-01
-1.348177159584210139e-01
2.786361450513418769e-01
-2.076153470750471963e-02
-6.729177773868225132e-02
-3.575634012727128552e-01
-3.495165733024349075e-01
1.293754484410885620e-02
3.687132482864333705e-01
7.246843100446418440e-01
-7.667779870499907835e-02
1.037928474557673564e+00
-3.598290240171784782e-01
-2.539811037171427893e-02
-2.974053186028052451e-02
3.583284498730618384e-01
7.423092614076610696e-01
-6.778541176126549883e-02
1.041164696898592590e+00
-3.622593529762296871e-01
-2.539871515416243855e-02
-2.973910481235149048e-02
3.626270838246158368e-01
7.699502188765678934e-01
-6.033177903246870338e-02
1.046547823577139491e+00
-3.648304338171243222e-01
-2.538351476893276060e-02
-2.968072410934743596e-02
3.807761806360386303e-01
7.868910307537770876e-01
-5.569540125282536336e-02
1.050222761774294744e+00
-3.672056997278915769e-01
-2.538351532758963483e-02
-2.969090682439694609e-02
4.036717196109838035e-01
8.026595891382551917e-01
-5.221903821692339825e-02
1.049197322144013400e+00
-3.694862237208617062e-01
-2.539662021429221761e-02
-2.964386003083391632e-02
4.348594827901621773e-01
8.158817909085939180e-01
-5.634124338566546403e-02
1.043867191897495106e+00
-3.719584113476603338e-01
-2.539662071314249120e-02
-2.966250244993309110e-02
4.786706155777865068e-01
8.214486982252141578e-01
-5.250838659257774099e-02
1.040251772459415580e+00
-3.743757276963405323e-01
-2.539662138112235013e-02
-2.963548164868815352e-02
5.416698914706958856e-01
8.283312140183894945e-01
-5.589284585100213337e-02
1.029570561647766613e+00
1.967598909028385468e-02
2.759712006677920160e-01
-1.348177159584210139e-01
2.786361450513418769e-01
-2.076153470750471963e-02
-7.177636515325484801e-02
-3.575634012727128552e-01
-3.495165733024349075e-01
1.293754484410885620e-02
3.687132482864333705e-01
7.246843100446418440e-01
-7.667779870499907835e-02
1.037928474557673564e+00
-3.598290240171784782e-01
-2.539811037171427893e-02
-2.974053186028052451e-02
3.583284498730618384e-01
7.423092614076610696e-01
-6.778541176126549883e-02
1.041164696898592590e+00
-3.622593529762296871e-01
-2.539871515416243855e-02
-2.973910481235149048e-02
3.626270838246158368e-01
7.699502188765678934e-01
-6.033177903246870338e-02
1.046547823577139491e+00
-3.648304338171243222e-01
-2.538351476893276060e-02
-2.968072410934743596e-02
3.807761806360386303e-01
7.868910307537770876e-01
-5.569540125282536336e-02
1.050222761774294744e+00
-3.672056997278915769e-01
-2.538351532758963483e-02
-2.969090682439694609e-02
4.036717196109838035e-01
8.026595891382551917e-01
-5.221903821692339825e-02
1.049197322144013400e+00
-3.694862237208617062e-01
-2.539662021429221761e-02
-2.964386003083391632e-02
4.348594827901621773e-01
8.158817909085939180e-01
-5.634124338566546403e-02
1.043867191897495106e+00
-3.719584113476603338e-01
-2.539662071314249120e-02
-2.966250244993309110e-02
4.786706155777865068e-01
8.214486982252141578e-01
-5.250838659257774099e-02
1.040251772459415580e+00
-3.743757276963405323e-01
-2.539662138112235013e-02
-2.963548164868815352e-02
5.416698914706958856e-01
8.283312140183894945e-01
-5.589284585100213337e-02
1.029570561647766613e+00
1.967598909028385468e-02
2.759712006677920160e-01
-1.348177159584210139e-01
2.786361450513418769e-01
-2.076153470750471963e-02
-7.133148659213116305e-02
-3.575634012727128552e-01
-3.495165733024349075e-01
1.293754484410885620e-02
3.687132482864333705e-01
7.246843100446418440e-01
-7.667779870499907835e-02
1.037928474557673564e+00
-3.598290240171784782e-01
-2.539811037171427893e-02
-2.974053186028052451e-02
3.583284498730618384e-01
7.423092614076610696e-01
-6.778541176126549883e-02
1.041164696898592590e+00
-3.622593529762296871e-01
-2.539871515416243855e-02
-2.973910481235149048e-02
3.626270838246158368e-01
7.699502188765678934e-01
-6.033177903246870338e-02
1.046547823577139491e+00
-3.648304338171243222e-01
-2.538351476893276060e-02
-2.968072410934743596e-02
3.807761806360386303e-01
7.868910307537770876e-01
-5.569540125282536336e-02
1.050222761774294744e+00
-3.672056997278915769e-01
-2.538351532758963483e-02
-2.969090682439694609e-02
4.036717196109838035e-01
8.026595891382551917e-01
-5.221903821692339825e-02
1.049197322144013400e+00
-3.694862237208617062e-01
-2.539662021429221761e-02
-2.964386003083391632e-02
4.348594827901621773e-01
8.158817909085939180e-01
-5.634124338566546403e-02
1.043867191897495106e+00
-3.719584113476603338e-01
-2.539662071314249120e-02
-2.966250244993309110e-02
4.786706155777865068e-01
8.214486982252141578e-01
-5.250838659257774099e-02
1.040251772459415580e+00
-3.743757276963405323e-01
-2.539662138112235013e-02
-2.963548164868815352e-02
5.416698914706958856e-01
8.283312140183894945e-01
-5.589284585100213337e-02
1.029570561647766613e+00
1.967598909028385468e-02
2.759712006677920160e-01
-1.348177159584210139e-01
2.786361450513418769e-01
-2.076153470750471963e-02
-7.558208326041647440e-02
-3.575634012727128552e-01
-3.495165733024349075e-01
1.293754484410885620e-02
3.687132482864333705e-01
7.246843100446418440e-01
-7.667779870499907835e-02
1.037928474557673564e+00
-3.598290240171784782e-01
-2.539811037171427893e-02
-2.974053186028052451e-02
3.583284498730618384e-01
7.423092614076610696e-01
-6.778541176126549883e-02
1.041164696898592590e+00
-3.622593529762296871e-01
-2.539871515416243855e-02
-2.973910481235149048e-02
3.626270838246158368e-01
7.699502188765678934e-01
-6.033177903246870338e-02
1.046547823577139491e+00
-3.648304338171243222e-01
-2.538351476893276060e-02
-2.968072410934743596e-02
3.807761806360386303e-01
7.868910307537770876e-01
-5.569540125282536336e-02
1.050222761774294744e+00
-3.672056997278915769e-01
-2.538351532758963483e-02
-2.969090682439694609e-02
4.036717196109838035e-01
8.026595891382551917e-01
-5.221903821692339825e-02
1.049197322144013400e+00
-3.694862237208617062e-01
-2.539662021429221761e-02
-2.964386003083391632e-02
4.348594827901621773e-01
8.158817909085939180e-01
-5.634124338566546403e-02
1.043867191897495106e+00
-3.719584113476603338e-01
-2.539662071314249120e-02
-2.966250244993309110e-02
4.786706155777865068e-01
8.214486982252141578e-01
-5.250838659257774099e-02
1.040251772459415580e+00
-3.743757276963405323e-01
-2.539662138112235013e-02
-2.963548164868815352e-02
5.416698914706958856e-01
8.283312140183894945e-01
-5.589284585100213337e-02
1.029570561647766613e+00
1.967598909028385468e-02
2.759712006677920160e-01
-1.348177159584210139e-01
2.786361450513418769e-01
-2.076153470750471963e-02
-7.772285383312944884e-02
-3.575634012727128552e-01
-3.495165733024349075e-01
1.293754484410885620e-02
3.687132482864333705e-01
7.246843100446418440e-01
-7.667779870499907835e-02
1.037928474557673564e+00
-3.598290240171784782e-01
-2.539811037171427893e-02
-2.974053186028052451e-02
3.583284498730618384e-01
7.423092614076610696e-01
-6.778541176126549883e-02
1.041164696898592590e+00
-3.622593529762296871e-01
-2.539871515416243855e-02
-2.973910481235149048e-02
3.626270838246158368e-01
7.699502188765678934e-01
-6.033177903246870338e-02
1.046547823577139491e+00
-3.648304338171243222e-01
-2.538351476893276060e-02
-2.968072410934743596e-02
3.807761806360386303e-01
7.868910307537770876e-01
-5.569540125282536336e-02
1.050222761774294744e+00
-3.672056997278915769e-01
-2.538351532758963483e-02
-2.969090682439694609e-02
4.036717196109838035e-01
8.026595891382551917e-01
-5.221903821692339825e-02
1.049197322144013400e+00
-3.694862237208617062e-01
-2.539662021429221761e-02
-2.964386003083391632e-02
4.348594827901621773e-01
8.158817909085939180e-01
-5.634124338566546403e-02
1.043867191897495106e+00
-3.719584113476603338e-01
-2.539662071314249120e-02
-2.966250244993309110e-02
4.786706155777865068e-01
8.214486982252141578e-01
-5.250838659257774099e-02
1.040251772459415580e+00
-3.743757276963405323e-01
-2.539662138112235013e-02
-2.963548164868815352e-02
5.416698914706958856e-01
8.283312140183894945e-01
-5.589284585100213337e-02
1.029570561647766613e+00
1.967598909028385468e-02
2.759712006677920160e-01
-1.348177159584210139e-01
2.786361450513418769e-01
-2.076153470750471963e-02
-7.982574289061925010e-02
-3.575634012727128552e-01
-3.495165733024349075e-01
1.293754484410885620e-02
3.687132482864333705e-01
7.246843100446418440e-01
-7.667779870499907835e-02
1.037928474557673564e+00
-3.598290240171784782e-01
-2.539811037171427893e-02
-2.974053186028052451e-02
3.583284498730618384e-01
7.423092614076610696e-01
-6.778541176126549883e-02
1.041164696898592590e+00
-3.622593529762296871e-01
-2.539871515416243855e-02
-2.973910481235149048e-02
3.626270838246158368e-01
7.699502188765678934e-01
-6.033177903246870338e-02
1.046547823577139491e+00
-3.648304338171243222e-01
-2.538351476893276060e-02
-2.968072410934743596e-02
3.807761806360386303e-01
7.868910307537770876e-01
-5.569540125282536336e-02
1.050222761774294744e+00
-3.672056997278915769e-01
-2.538351532758963483e-02
-2.969090682439694609e-02
4.036717196109838035e-01
8.026595891382551917e-01
-5.221903821692339825e-02
1.049197322144013400e+00
-3.694862237208617062e-01
-2.539662021429221761e-02
-2.964386003083391632e-02
4.348594827901621773e-01
8.158817909085939180e-01
-5.634124338566546403e-02
1.043867191897495106e+00
-3.719584113476603338e-01
-2.539662071314249120e-02
-2.966250244993309110e-02
4.786706155777865068e-01
8.214486982252141578e-01
-5.250838659257774099e-02
1.040251772459415580e+00
-3.743757276963405323e-01
-2.539662138112235013e-02
-2.963548164868815352e-02
5.416698914706958856e-01
8.283312140183894945e-01
-5.589284585100213337e-02
1.029570561647766613e+00
1.967598909028385468e-02
2.759712006677920160e-01
-1.348177159584210139e-01
2.786361450513418769e-01
-2.076153470750471963e-02
-7.375300258320063862e-02
-3.575634012727128552e-01
-3.495165733024349075e-01
1.293754484410885620e-02
3.687132482864333705e-01
7.246843100446418440e-01
-7.667779870499907835e-02
1.037928474557673564e+00
-3.598290240171784782e-01
-2.539811037171427893e-02
-2.974053186028052451e-02
3.583284498730618384e-01
7.423092614076610696e-01
-6.778541176126549883e-02
1.041164696898592590e+00
-3.622593529762296871e-01
-2.539871515416243855e-02
-2.973910481235149048e-02
3.626270838246158368e-01
7.699502188765678934e-01
-6.033177903246870338e-02
1.046547823577139491e+00
-3.648304338171243222e-01
-2.538351476893276060e-02
-2.968072410934743596e-02
3.807761806360386303e-01
7.868910307537770876e-01
-5.569540125282536336e-02
1.050222761774294744e+00
-3.672056997278915769e-01
-2.538351532758963483e-02
-2.969090682439694609e-02
4.036717196109838035e-01
8.026595891382551917e-01
-5.221903821692339825e-02
1.049197322144013400e+00
-3.694862237208617062e-01
-2.539662021429221761e-02
-2.964386003083391632e-02
4.348594827901621773e-01
8.158817909085939180e-01
-5.634124338566546403e-02
1.043867191897495106e+00
-3.719584113476603338e-01
-2.539662071314249120e-02
-2.966250244993309110e-02
4.786706155777865068e-01
8.214486982252141578e-01
-5.250838659257774099e-02
1.040251772459415580e+00
-3.743757276963405323e-01
-2.539662138112235013e-02
-2.963548164868815352e-02
5.416698914706958856e-01
8.283312140183894945e-01
-5.589284585100213337e-02
1.029570561647766613e+00
1.967598909028385468e-02
2.759712006677920160e-01
-1.348177159584210139e-01
2.786361450513418769e-01
-2.076153470750471963e-02
-8.147695372408195191e-02
-9.371352764200333585e-01
-3.589492536731554717e-02
