-1.594381772081247817e-01
-1.533608660415985980e-01
1.921284026569036463e-01
-5.179774945419136217e-02
2.241488553343876436e-02
3.066293504632896516e-01
4.606745992527984390e-02
-1.613354133390113576e-01
-2.539806462813646443e-02
-2.921143275669536160e-02
-5.170486023290211952e-02
2.588271034729994896e-02
3.696097543931766150e-01
6.665611214317834765e-02
-1.645438504171074789e-01
-2.539866962492654673e-02
-2.916703422124410777e-02
-5.176875529565563849e-02
2.271586018382132713e-02
3.959729997316527306e-01
7.494761470576935536e-02
-1.661307942987650943e-01
-2.538346920858169584e-02
-2.918297353509666237e-02
-5.197708863412115604e-02
1.624071036886834407e-02
3.943166498568045908e-01
7.216093679198362643e-02
-1.691038010771398203e-01
-2.538347005205600360e-02
-2.915949997958380141e-02
-5.234248412488492347e-02
1.781898376189168173e-02
3.977943466836355024e-01
7.344025626523341399e-02
-1.719454270393509787e-01
-2.539657522145653476e-02
-2.907277498193916454e-02
-5.299381114475231608e-02
1.707242492479680435e-02
3.785157632361108582e-01
6.814704678815253214e-02
-1.737419097742870233e-01
-2.539657563761867770e-02
-2.917705515939112565e-02
-5.415450549651344703e-02
1.222967501838665913e-02
3.810571373096525716e-01
6.843935757800799491e-02
-1.760558501669264031e-01
-2.539657601987399538e-02
-2.911572054352251290e-02
-5.621203324075498692e-02
1.074584772287458072e-02
3.409760505802513775e-01
5.702862985514819266e-02
2.440646156329344743e-02
-1.868922456676599120e-01
-7.760388014343856666e-02
-1.810680893120541757e-01
-2.029724079361538286e-02
2.758114452783795856e-01
-1.594381772081247817e-01
-1.533608660415985980e-01
1.921284026569036463e-01
-5.179774945419136217e-02
2.241488553343876436e-02
3.066293504632896516e-01
4.606745992527984390e-02
-1.613354133390113576e-01
-2.539806462813646443e-02
-2.921143275669536160e-02
-5.170486023290211952e-02
2.588271034729994896e-02
3.696097543931766150e-01
6.665611214317834765e-02
-1.645438504171074789e-01
-2.539866962492654673e-02
-2.916703422124410777e-02
-5.176875529565563849e-02
2.271586018382132713e-02
3.959729997316527306e-01
7.494761470576935536e-02
-1.661307942987650943e-01
-2.538346920858169584e-02
-2.918297353509666237e-02
-5.197708863412115604e-02
1.624071036886834407e-02
3.943166498568045908e-01
7.216093679198362643e-02
-1.691038010771398203e-01
-2.538347005205600360e-02
-2.915949997958380141e-02
-5.234248412488492347e-02
1.781898376189168173e-02
3.977943466836355024e-01
7.344025626523341399e-02
-1.719454270393509787e-01
-2.539657522145653476e-02
-2.907277498193916454e-02
-5.299381114475231608e-02
1.707242492479680435e-02
3.785157632361108582e-01
6.814704678815253214e-02
-1.737419097742870233e-01
-2.539657563761867770e-02
-2.917705515939112565e-02
-5.415450549651344703e-02
1.222967501838665913e-02
3.810571373096525716e-01
6.843935757800799491e-02
-1.760558501669264031e-01
-2.539657601987399538e-02
-2.911572054352251290e-02
-5.621203324075498692e-02
1.074584772287458072e-02
3.409760505802513775e-01
5.702862985514819266e-02
2.440646156329344743e-02
-1.868922456676599120e-01
-7.760388014343856666e-02
-1.810680893120541757e-01
-2.029724079361538286e-02
2.792485475499719150e-01
-1.594381772081247817e-01
-1.533608660415985980e-01
1.921284026569036463e-01
-5.179774945419136217e-02
2.241488553343876436e-02
3.066293504632896516e-01
4.606745992527984390e-02
-1.613354133390113576e-01
-2.539806462813646443e-02
-2.921143275669536160e-02
-5.170486023290211952e-02
2.588271034729994896e-02
3.696097543931766150e-01
6.665611214317834765e-02
-1.645438504171074789e-01
-2.539866962492654673e-02
-2.916703422124410777e-02
-5.176875529565563849e-02
2.271586018382132713e-02
3.959729997316527306e-01
7.494761470576935536e-02
-1.661307942987650943e-01
-2.538346920858169584e-02
-2.918297353509666237e-02
-5.197708863412115604e-02
1.624071036886834407e-02
3.943166498568045908e-01
7.216093679198362643e-02
-1.691038010771398203e-01
-2.538347005205600360e-02
-2.915949997958380141e-02
-5.234248412488492347e-02
1.781898376189168173e-02
3.977943466836355024e-01
7.344025626523341399e-02
-1.719454270393509787e-01
-2.539657522145653476e-02
-2.907277498193916454e-02
-5.299381114475231608e-02
1.707242492479680435e-02
3.785157632361108582e-01
6.814704678815253214e-02
-1.737419097742870233e-01
-2.539657563761867770e-02
-2.917705515939112565e-02
-5.415450549651344703e-02
1.222967501838665913e-02
3.810571373096525716e-01
6.843935757800799491e-02
-1.760558501669264031e-01
-2.539657601987399538e-02
-2.911572054352251290e-02
-5.621203324075498692e-02
1.074584772287458072e-02
3.409760505802513775e-01
5.702862985514819266e-02
2.440646156329344743e-02
-1.868922456676599120e-01
-7.760388014343856666e-02
-1.810680893120541757e-01
-2.029724079361538286e-02
2.591238367453128633e-01
-1.594381772081247817e-01
-1.533608660415985980e-01
1.921284026569036463e-01
-5.179774945419136217e-02
2.241488553343876436e-02
3.066293504632896516e-01
4.606745992527984390e-02
-1.613354133390113576e-01
-2.539806462813646443e-02
-2.921143275669536160e-02
-5.170486023290211952e-02
2.588271034729994896e-02
3.696097543931766150e-01
6.665611214317834765e-02
-1.645438504171074789e-01
-2.539866962492654673e-02
-2.916703422124410777e-02
-5.176875529565563849e-02
2.271586018382132713e-02
3.959729997316527306e-01
7.494761470576935536e-02
-1.661307942987650943e-01
-2.538346920858169584e-02
-2.918297353509666237e-02
-5.197708863412115604e-02
1.624071036886834407e-02
3.943166498568045908e-01
7.216093679198362643e-02
-1.691038010771398203e-01
-2.538347005205600360e-02
-2.915949997958380141e-02
-5.234248412488492347e-02
1.781898376189168173e-02
3.977943466836355024e-01
7.344025626523341399e-02
-1.719454270393509787e-01
-2.539657522145653476e-02
-2.907277498193916454e-02
-5.299381114475231608e-02
1.707242492479680435e-02
3.785157632361108582e-01
6.814704678815253214e-02
-1.737419097742870233e-01
-2.539657563761867770e-02
-2.917705515939112565e-02
-5.415450549651344703e-02
1.222967501838665913e-02
3.810571373096525716e-01
6.843935757800799491e-02
-1.760558501669264031e-01
-2.539657601987399538e-02
-2.911572054352251290e-02
-5.621203324075498692e-02
1.074584772287458072e-02
3.409760505802513775e-01
5.702862985514819266e-02
2.440646156329344743e-02
-1.868922456676599120e-01
-7.760388014343856666e-02
-1.810680893120541757e-01
-2.029724079361538286e-02
2.624579355226315802e-01
-1.594381772081247817e-01
-1.533608660415985980e-01
1.921284026569036463e-01
-5.179774945419136217e-02
2.241488553343876436e-02
3.066293504632896516e-01
4.606745992527984390e-02
-1.613354133390113576e-01
-2.539806462813646443e-02
-2.921143275669536160e-02
-5.170486023290211952e-02
2.588271034729994896e-02
3.696097543931766150e-01
6.665611214317834765e-02
-1.645438504171074789e-01
-2.539866962492654673e-02
-2.916703422124410777e-02
-5.176875529565563849e-02
2.271586018382132713e-02
3.959729997316527306e-01
7.494761470576935536e-02
-1.661307942987650943e-01
-2.538346920858169584e-02
-2.918297353509666237e-02
-5.197708863412115604e-02
1.624071036886834407e-02
3.943166498568045908e-01
7.216093679198362643e-02
-1.691038010771398203e-01
-2.538347005205600360e-02
-2.915949997958380141e-02
-5.234248412488492347e-02
1.781898376189168173e-02
3.977943466836355024e-01
7.344025626523341399e-02
-1.719454270393509787e-01
-2.539657522145653476e-02
-2.907277498193916454e-02
-5.299381114475231608e-02
1.707242492479680435e-02
3.785157632361108582e-01
6.814704678815253214e-02
-1.737419097742870233e-01
-2.539657563761867770e-02
-2.917705515939112565e-02
-5.415450549651344703e-02
1.222967501838665913e-02
3.810571373096525716e-01
6.843935757800799491e-02
-1.760558501669264031e-01
-2.539657601987399538e-02
-2.911572054352251290e-02
-5.621203324075498692e-02
1.074584772287458072e-02
3.409760505802513775e-01
5.702862985514819266e-02
2.440646156329344743e-02
-1.868922456676599120e-01
-7.760388014343856666e-02
-1.810680893120541757e-01
-2.029724079361538286e-02
2.746144812537272273e-01
-1.594381772081247817e-01
-1.533608660415985980e-01
1.921284026569036463e-01
-5.179774945419136217e-02
2.241488553343876436e-02
3.066293504632896516e-01
4.606745992527984390e-02
-1.613354133390113576e-01
-2.539806462813646443e-02
-2.921143275669536160e-02
-5.170486023290211952e-02
2.588271034729994896e-02
3.696097543931766150e-01
6.665611214317834765e-02
-1.645438504171074789e-01
-2.539866962492654673e-02
-2.916703422124410777e-02
-5.176875529565563849e-02
2.271586018382132713e-02
3.959729997316527306e-01
7.494761470576935536e-02
-1.661307942987650943e-01
-2.538346920858169584e-02
-2.918297353509666237e-02
-5.197708863412115604e-02
1.624071036886834407e-02
3.943166498568045908e-01
7.216093679198362643e-02
-1.691038010771398203e-01
-2.538347005205600360e-02
-2.915949997958380141e-02
-5.234248412488492347e-02
1.781898376189168173e-02
3.977943466836355024e-01
7.344025626523341399e-02
-1.719454270393509787e-01
-2.539657522145653476e-02
-2.907277498193916454e-02
-5.299381114475231608e-02
1.707242492479680435e-02
3.785157632361108582e-01
6.814704678815253214e-02
-1.737419097742870233e-01
-2.539657563761867770e-02
-2.917705515939112565e-02
-5.415450549651344703e-02
1.222967501838665913e-02
3.810571373096525716e-01
6.843935757800799491e-02
-1.760558501669264031e-01
-2.539657601987399538e-02
-2.911572054352251290e-02
-5.621203324075498692e-02
1.074584772287458072e-02
3.409760505802513775e-01
5.702862985514819266e-02
2.440646156329344743e-02
-1.868922456676599120e-01
-7.760388014343856666e-02
-1.810680893120541757e-01
-2.029724079361538286e-02
2.783216902016258931e-01
-1.594381772081247817e-01
-1.533608660415985980e-01
1.921284026569036463e-01
-5.179774945419136217e-02
2.241488553343876436e-02
3.066293504632896516e-01
4.606745992527984390e-02
-1.613354133390113576e-01
-2.539806462813646443e-02
-2.921143275669536160e-02
-5.170486023290211952e-02
2.588271034729994896e-02
3.696097543931766150e-01
6.665611214317834765e-02
-1.645438504171074789e-01
-2.539866962492654673e-02
-2.916703422124410777e-02
-5.176875529565563849e-02
2.271586018382132713e-02
3.959729997316527306e-01
7.494761470576935536e-02
-1.661307942987650943e-01
-2.538346920858169584e-02
-2.918297353509666237e-02
-5.197708863412115604e-02
1.624071036886834407e-02
3.943166498568045908e-01
7.216093679198362643e-02
-1.691038010771398203e-01
-2.538347005205600360e-02
-2.915949997958380141e-02
-5.234248412488492347e-02
1.781898376189168173e-02
3.977943466836355024e-01
7.344025626523341399e-02
-1.719454270393509787e-01
-2.539657522145653476e-02
-2.907277498193916454e-02
-5.299381114475231608e-02
1.707242492479680435e-02
3.785157632361108582e-01
6.814704678815253214e-02
-1.737419097742870233e-01
-2.539657563761867770e-02
-2.917705515939112565e-02
-5.415450549651344703e-02
1.222967501838665913e-02
3.810571373096525716e-01
6.843935757800799491e-02
-1.760558501669264031e-01
-2.539657601987399538e-02
-2.911572054352251290e-02
-5.621203324075498692e-02
1.074584772287458072e-02
3.409760505802513775e-01
5.702862985514819266e-02
2.440646156329344743e-02
-1.868922456676599120e-01
-7.760388014343856666e-02
-1.810680893120541757e-01
-2.029724079361538286e-02
2.763600835820583801e-01
-1.594381772081247817e-01
-1.533608660415985980e-01
1.921284026569036463e-01
-5.179774945419136217e-02
2.241488553343876436e-02
3.066293504632896516e-01
4.606745992527984390e-02
-1.613354133390113576e-01
-2.539806462813646443e-02
-2.921143275669536160e-02
-5.170486023290211952e-02
2.588271034729994896e-02
3.696097543931766150e-01
6.665611214317834765e-02
-1.645438504171074789e-01
-2.539866962492654673e-02
-2.916703422124410777e-02
-5.176875529565563849e-02
2.271586018382132713e-02
3.959729997316527306e-01
7.494761470576935536e-02
-1.661307942987650943e-01
-2.538346920858169584e-02
-2.918297353509666237e-02
-5.197708863412115604e-02
1.624071036886834407e-02
3.943166498568045908e-01
7.216093679198362643e-02
-1.691038010771398203e-01
-2.538347005205600360e-02
-2.915949997958380141e-02
-5.234248412488492347e-02
1.781898376189168173e-02
3.977943466836355024e-01
7.344025626523341399e-02
-1.719454270393509787e-01
-2.539657522145653476e-02
-2.907277498193916454e-02
-5.299381114475231608e-02
1.707242492479680435e-02
3.785157632361108582e-01
6.814704678815253214e-02
-1.737419097742870233e-01
-2.539657563761867770e-02
-2.917705515939112565e-02
-5.415450549651344703e-02
1.222967501838665913e-02
3.810571373096525716e-01
6.843935757800799491e-02
-1.760558501669264031e-01
-2.539657601987399538e-02
-2.911572054352251290e-02
-5.621203324075498692e-02
1.074584772287458072e-02
3.409760505802513775e-01
5.702862985514819266e-02
2.440646156329344743e-02
-1.868922456676599120e-01
-7.760388014343856666e-02
-1.810680893120541757e-01
-2.029724079361538286e-02
2.723639257218475329e-01
-1.594381772081247817e-01
-1.533608660415985980e-01
1.921284026569036463e-01
-5.179774945419136217e-02
2.241488553343876436e-02
3.066293504632896516e-01
4.606745992527984390e-02
-1.613354133390113576e-01
-2.539806462813646443e-02
-2.921143275669536160e-02
-5.170486023290211952e-02
2.588271034729994896e-02
3.696097543931766150e-01
6.665611214317834765e-02
-1.645438504171074789e-01
-2.539866962492654673e-02
-2.916703422124410777e-02
-5.176875529565563849e-02
2.271586018382132713e-02
3.959729997316527306e-01
7.494761470576935536e-02
-1.661307942987650943e-01
-2.538346920858169584e-02
-2.918297353509666237e-02
-5.197708863412115604e-02
1.624071036886834407e-02
3.943166498568045908e-01
7.216093679198362643e-02
-1.691038010771398203e-01
-2.538347005205600360e-02
-2.915949997958380141e-02
-5.234248412488492347e-02
1.781898376189168173e-02
3.977943466836355024e-01
7.344025626523341399e-02
-1.719454270393509787e-01
-2.539657522145653476e-02
-2.907277498193916454e-02
-5.299381114475231608e-02
1.707242492479680435e-02
3.785157632361108582e-01
6.814704678815253214e-02
-1.737419097742870233e-01
-2.539657563761867770e-02
-2.917705515939112565e-02
-5.415450549651344703e-02
1.222967501838665913e-02
3.810571373096525716e-01
6.843935757800799491e-02
-1.760558501669264031e-01
-2.539657601987399538e-02
-2.911572054352251290e-02
-5.621203324075498692e-02
1.074584772287458072e-02
3.409760505802513775e-01
5.702862985514819266e-02
2.440646156329344743e-02
-1.868922456676599120e-01
-7.760388014343856666e-02
-1.810680893120541757e-01
-2.029724079361538286e-02
2.989734444362083798e-01
-1.594381772081247817e-01
-1.533608660415985980e-01
1.921284026569036463e-01
-5.179774945419136217e-02
2.241488553343876436e-02
3.066293504632896516e-01
4.606745992527984390e-02
-1.613354133390113576e-01
-2.539806462813646443e-02
-2.921143275669536160e-02
-5.170486023290211952e-02
2.588271034729994896e-02
3.696097543931766150e-01
6.665611214317834765e-02
-1.645438504171074789e-01
-2.539866962492654673e-02
-2.916703422124410777e-02
-5.176875529565563849e-02
2.271586018382132713e-02
3.959729997316527306e-01
7.494761470576935536e-02
-1.661307942987650943e-01
-2.538346920858169584e-02
-2.918297353509666237e-02
-5.197708863412115604e-02
1.624071036886834407e-02
3.943166498568045908e-01
7.216093679198362643e-02
-1.691038010771398203e-01
-2.538347005205600360e-02
-2.915949997958380141e-02
-5.234248412488492347e-02
1.781898376189168173e-02
3.977943466836355024e-01
7.344025626523341399e-02
-1.719454270393509787e-01
-2.539657522145653476e-02
-2.907277498193916454e-02
-5.299381114475231608e-02
1.707242492479680435e-02
3.785157632361108582e-01
6.814704678815253214e-02
-1.737419097742870233e-01
-2.539657563761867770e-02
-2.917705515939112565e-02
-5.415450549651344703e-02
1.222967501838665913e-02
3.810571373096525716e-01
6.843935757800799491e-02
-1.760558501669264031e-01
-2.539657601987399538e-02
-2.911572054352251290e-02
-5.621203324075498692e-02
1.074584772287458072e-02
3.409760505802513775e-01
5.702862985514819266e-02
2.440646156329344743e-02
-1.868922456676599120e-01
-7.760388014343856666e-02
-1.810680893120541757e-01
-2.029724079361538286e-02
3.104722244339874759e-01
-6.870749990970302645e-02
2.945036955416484026e-01
