3.017042256507988518e-01
2.938582394055049840e-01
-1.056789277477257205e-01
-5.607861265155894559e-02
-1.251913487151176119e-01
3.038285229244853669e-01
-1.300590206716719099e-01
3.034502665909696861e-01
-2.539795976278357015e-02
-3.018865940261868802e-02
-5.620898609899421805e-02
-1.229556553583423112e-01
3.555712441296644544e-01
-1.265001376593456461e-01
3.011240752348782745e-01
-2.539856481958573803e-02
-3.019192872343253592e-02
-5.652783842569378964e-02
-1.216552450437550364e-01
3.640343975615549232e-01
-1.256844185903683297e-01
2.992184236993886137e-01
-2.538336448882058324e-02
-3.018941985385780943e-02
-5.705773141926681613e-02
-1.244691747715765129e-01
3.541773140373952189e-01
-1.261884538192256100e-01
2.974827056492347355e-01
-2.538336528907586542e-02
-3.019840758906916500e-02
-5.782140715545548704e-02
-1.235989434940295562e-01
3.683545303750608846e-01
-1.251720256064822179e-01
2.945198284345489359e-01
-2.539647050626546443e-02
-3.019204809923059160e-02
-5.897656360182972068e-02
-1.267594414679365511e-01
3.655867814103912483e-01
-1.259168130427689436e-01
2.924837265901760186e-01
-2.539647126615574360e-02
-3.020774301421387531e-02
-6.080110557349505118e-02
-1.291013115192964633e-01
3.590685434181223878e-01
-1.255874096690216268e-01
2.903557661794605727e-01
-2.539647191487716740e-02
-3.019799976195378793e-02
-6.371628578048427194e-02
-1.303071446707505521e-01
3.272184470138797541e-01
-1.269320175142149010e-01
3.291262945097141179e-02
1.270851463446792950e-01
7.214530726892026680e-02
1.315209780796718353e-01
-1.887406772563162208e-02
3.689198905105062765e-01
3.017042256507988518e-01
2.938582394055049840e-01
-1.056789277477257205e-01
-5.607861265155894559e-02
-1.251913487151176119e-01
3.038285229244853669e-01
-1.300590206716719099e-01
3.034502665909696861e-01
-2.539795976278357015e-02
-3.018865940261868802e-02
-5.620898609899421805e-02
-1.229556553583423112e-01
3.555712441296644544e-01
-1.265001376593456461e-01
3.011240752348782745e-01
-2.539856481958573803e-02
-3.019192872343253592e-02
-5.652783842569378964e-02
-1.216552450437550364e-01
3.640343975615549232e-01
-1.256844185903683297e-01
2.992184236993886137e-01
-2.538336448882058324e-02
-3.018941985385780943e-02
-5.705773141926681613e-02
-1.244691747715765129e-01
3.541773140373952189e-01
-1.261884538192256100e-01
2.974827056492347355e-01
-2.538336528907586542e-02
-3.019840758906916500e-02
-5.782140715545548704e-02
-1.235989434940295562e-01
3.683545303750608846e-01
-1.251720256064822179e-01
2.945198284345489359e-01
-2.539647050626546443e-02
-3.019204809923059160e-02
-5.897656360182972068e-02
-1.267594414679365511e-01
3.655867814103912483e-01
-1.259168130427689436e-01
2.924837265901760186e-01
-2.539647126615574360e-02
-3.020774301421387531e-02
-6.080110557349505118e-02
-1.291013115192964633e-01
3.590685434181223878e-01
-1.255874096690216268e-01
2.903557661794605727e-01
-2.539647191487716740e-02
-3.019799976195378793e-02
-6.371628578048427194e-02
-1.303071446707505521e-01
3.272184470138797541e-01
-1.269320175142149010e-01
3.291262945097141179e-02
1.270851463446792950e-01
7.214530726892026680e-02
1.315209780796718353e-01
-1.887406772563162208e-02
3.540145716135932874e-01
3.017042256507988518e-01
2.938582394055049840e-01
-1.056789277477257205e-01
-5.607861265155894559e-02
-1.251913487151176119e-01
3.038285229244853669e-01
-1.300590206716719099e-01
3.034502665909696861e-01
-2.539795976278357015e-02
-3.018865940261868802e-02
-5.620898609899421805e-02
-1.229556553583423112e-01
3.555712441296644544e-01
-1.265001376593456461e-01
3.011240752348782745e-01
-2.539856481958573803e-02
-3.019192872343253592e-02
-5.652783842569378964e-02
-1.216552450437550364e-01
3.640343975615549232e-01
-1.256844185903683297e-01
2.992184236993886137e-01
-2.538336448882058324e-02
-3.018941985385780943e-02
-5.705773141926681613e-02
-1.244691747715765129e-01
3.541773140373952189e-01
-1.261884538192256100e-01
2.974827056492347355e-01
-2.538336528907586542e-02
-3.019840758906916500e-02
-5.782140715545548704e-02
-1.235989434940295562e-01
3.683545303750608846e-01
-1.251720256064822179e-01
2.945198284345489359e-01
-2.539647050626546443e-02
-3.019204809923059160e-02
-5.897656360182972068e-02
-1.267594414679365511e-01
3.655867814103912483e-01
-1.259168130427689436e-01
2.924837265901760186e-01
-2.539647126615574360e-02
-3.020774301421387531e-02
-6.080110557349505118e-02
-1.291013115192964633e-01
3.590685434181223878e-01
-1.255874096690216268e-01
2.903557661794605727e-01
-2.539647191487716740e-02
-3.019799976195378793e-02
-6.371628578048427194e-02
-1.303071446707505521e-01
3.272184470138797541e-01
-1.269320175142149010e-01
3.291262945097141179e-02
1.270851463446792950e-01
7.214530726892026680e-02
1.315209780796718353e-01
-1.887406772563162208e-02
3.407783168661102091e-01
3.017042256507988518e-01
2.938582394055049840e-01
-1.056789277477257205e-01
-5.607861265155894559e-02
-1.251913487151176119e-01
3.038285229244853669e-01
-1.300590206716719099e-01
3.034502665909696861e-01
-2.539795976278357015e-02
-3.018865940261868802e-02
-5.620898609899421805e-02
-1.229556553583423112e-01
3.555712441296644544e-01
-1.265001376593456461e-01
3.011240752348782745e-01
-2.539856481958573803e-02
-3.019192872343253592e-02
-5.652783842569378964e-02
-1.216552450437550364e-01
3.640343975615549232e-01
-1.256844185903683297e-01
2.992184236993886137e-01
-2.538336448882058324e-02
-3.018941985385780943e-02
-5.705773141926681613e-02
-1.244691747715765129e-01
3.541773140373952189e-01
-1.261884538192256100e-01
2.974827056492347355e-01
-2.538336528907586542e-02
-3.019840758906916500e-02
-5.782140715545548704e-02
-1.235989434940295562e-01
3.683545303750608846e-01
-1.251720256064822179e-01
2.945198284345489359e-01
-2.539647050626546443e-02
-3.019204809923059160e-02
-5.897656360182972068e-02
-1.267594414679365511e-01
3.655867814103912483e-01
-1.259168130427689436e-01
2.924837265901760186e-01
-2.539647126615574360e-02
-3.020774301421387531e-02
-6.080110557349505118e-02
-1.291013115192964633e-01
3.590685434181223878e-01
-1.255874096690216268e-01
2.903557661794605727e-01
-2.539647191487716740e-02
-3.019799976195378793e-02
-6.371628578048427194e-02
-1.303071446707505521e-01
3.272184470138797541e-01
-1.269320175142149010e-01
3.291262945097141179e-02
1.270851463446792950e-01
7.214530726892026680e-02
1.315209780796718353e-01
-1.887406772563162208e-02
3.487591326857381602e-01
3.017042256507988518e-01
2.938582394055049840e-01
-1.056789277477257205e-01
-5.607861265155894559e-02
-1.251913487151176119e-01
3.038285229244853669e-01
-1.300590206716719099e-01
3.034502665909696861e-01
-2.539795976278357015e-02
-3.018865940261868802e-02
-5.620898609899421805e-02
-1.229556553583423112e-01
3.555712441296644544e-01
-1.265001376593456461e-01
3.011240752348782745e-01
-2.539856481958573803e-02
-3.019192872343253592e-02
-5.652783842569378964e-02
-1.216552450437550364e-01
3.640343975615549232e-01
-1.256844185903683297e-01
2.992184236993886137e-01
-2.538336448882058324e-02
-3.018941985385780943e-02
-5.705773141926681613e-02
-1.244691747715765129e-01
3.541773140373952189e-01
-1.261884538192256100e-01
2.974827056492347355e-01
-2.538336528907586542e-02
-3.019840758906916500e-02
-5.782140715545548704e-02
-1.235989434940295562e-01
3.683545303750608846e-01
-1.251720256064822179e-01
2.945198284345489359e-01
-2.539647050626546443e-02
-3.019204809923059160e-02
-5.897656360182972068e-02
-1.267594414679365511e-01
3.655867814103912483e-01
-1.259168130427689436e-01
2.924837265901760186e-01
-2.539647126615574360e-02
-3.020774301421387531e-02
-6.080110557349505118e-02
-1.291013115192964633e-01
3.590685434181223878e-01
-1.255874096690216268e-01
2.903557661794605727e-01
-2.539647191487716740e-02
-3.019799976195378793e-02
-6.371628578048427194e-02
-1.303071446707505521e-01
3.272184470138797541e-01
-1.269320175142149010e-01
3.291262945097141179e-02
1.270851463446792950e-01
7.214530726892026680e-02
1.315209780796718353e-01
-1.887406772563162208e-02
3.254932461940153177e-01
3.017042256507988518e-01
2.938582394055049840e-01
-1.056789277477257205e-01
-5.607861265155894559e-02
-1.251913487151176119e-01
3.038285229244853669e-01
-1.300590206716719099e-01
3.034502665909696861e-01
-2.539795976278357015e-02
-3.018865940261868802e-02
-5.620898609899421805e-02
-1.229556553583423112e-01
3.555712441296644544e-01
-1.265001376593456461e-01
3.011240752348782745e-01
-2.539856481958573803e-02
-3.019192872343253592e-02
-5.652783842569378964e-02
-1.216552450437550364e-01
3.640343975615549232e-01
-1.256844185903683297e-01
2.992184236993886137e-01
-2.538336448882058324e-02
-3.018941985385780943e-02
-5.705773141926681613e-02
-1.244691747715765129e-01
3.541773140373952189e-01
-1.261884538192256100e-01
2.974827056492347355e-01
-2.538336528907586542e-02
-3.019840758906916500e-02
-5.782140715545548704e-02
-1.235989434940295562e-01
3.683545303750608846e-01
-1.251720256064822179e-01
2.945198284345489359e-01
-2.539647050626546443e-02
-3.019204809923059160e-02
-5.897656360182972068e-02
-1.267594414679365511e-01
3.655867814103912483e-01
-1.259168130427689436e-01
2.924837265901760186e-01
-2.539647126615574360e-02
-3.020774301421387531e-02
-6.080110557349505118e-02
-1.291013115192964633e-01
3.590685434181223878e-01
-1.255874096690216268e-01
2.903557661794605727e-01
-2.539647191487716740e-02
-3.019799976195378793e-02
-6.371628578048427194e-02
-1.303071446707505521e-01
3.272184470138797541e-01
-1.269320175142149010e-01
3.291262945097141179e-02
1.270851463446792950e-01
7.214530726892026680e-02
1.315209780796718353e-01
-1.887406772563162208e-02
3.375062147531270873e-01
3.017042256507988518e-01
2.938582394055049840e-01
-1.056789277477257205e-01
-5.607861265155894559e-02
-1.251913487151176119e-01
3.038285229244853669e-01
-1.300590206716719099e-01
3.034502665909696861e-01
-2.539795976278357015e-02
-3.018865940261868802e-02
-5.620898609899421805e-02
-1.229556553583423112e-01
3.555712441296644544e-01
-1.265001376593456461e-01
3.011240752348782745e-01
-2.539856481958573803e-02
-3.019192872343253592e-02
-5.652783842569378964e-02
-1.216552450437550364e-01
3.640343975615549232e-01
-1.256844185903683297e-01
2.992184236993886137e-01
-2.538336448882058324e-02
-3.018941985385780943e-02
-5.705773141926681613e-02
-1.244691747715765129e-01
3.541773140373952189e-01
-1.261884538192256100e-01
2.974827056492347355e-01
-2.538336528907586542e-02
-3.019840758906916500e-02
-5.782140715545548704e-02
-1.235989434940295562e-01
3.683545303750608846e-01
-1.251720256064822179e-01
2.945198284345489359e-01
-2.539647050626546443e-02
-3.019204809923059160e-02
-5.897656360182972068e-02
-1.267594414679365511e-01
3.655867814103912483e-01
-1.259168130427689436e-01
2.924837265901760186e-01
-2.539647126615574360e-02
-3.020774301421387531e-02
-6.080110557349505118e-02
-1.291013115192964633e-01
3.590685434181223878e-01
-1.255874096690216268e-01
2.903557661794605727e-01
-2.539647191487716740e-02
-3.019799976195378793e-02
-6.371628578048427194e-02
-1.303071446707505521e-01
3.272184470138797541e-01
-1.269320175142149010e-01
3.291262945097141179e-02
1.270851463446792950e-01
7.214530726892026680e-02
1.315209780796718353e-01
-1.887406772563162208e-02
3.458479012816179088e-01
3.017042256507988518e-01
2.938582394055049840e-01
-1.056789277477257205e-01
-5.607861265155894559e-02
-1.251913487151176119e-01
3.038285229244853669e-01
-1.300590206716719099e-01
3.034502665909696861e-01
-2.539795976278357015e-02
-3.018865940261868802e-02
-5.620898609899421805e-02
-1.229556553583423112e-01
3.555712441296644544e-01
-1.265001376593456461e-01
3.011240752348782745e-01
-2.539856481958573803e-02
-3.019192872343253592e-02
-5.652783842569378964e-02
-1.216552450437550364e-01
3.640343975615549232e-01
-1.256844185903683297e-01
2.992184236993886137e-01
-2.538336448882058324e-02
-3.018941985385780943e-02
-5.705773141926681613e-02
-1.244691747715765129e-01
3.541773140373952189e-01
-1.261884538192256100e-01
2.974827056492347355e-01
-2.538336528907586542e-02
-3.019840758906916500e-02
-5.782140715545548704e-02
-1.235989434940295562e-01
3.683545303750608846e-01
-1.251720256064822179e-01
2.945198284345489359e-01
-2.539647050626546443e-02
-3.019204809923059160e-02
-5.897656360182972068e-02
-1.267594414679365511e-01
3.655867814103912483e-01
-1.259168130427689436e-01
2.924837265901760186e-01
-2.539647126615574360e-02
-3.020774301421387531e-02
-6.080110557349505118e-02
-1.291013115192964633e-01
3.590685434181223878e-01
-1.255874096690216268e-01
2.903557661794605727e-01
-2.539647191487716740e-02
-3.019799976195378793e-02
-6.371628578048427194e-02
-1.303071446707505521e-01
3.272184470138797541e-01
-1.269320175142149010e-01
3.291262945097141179e-02
1.270851463446792950e-01
7.214530726892026680e-02
1.315209780796718353e-01
-1.887406772563162208e-02
3.502485881933480316e-01
3.017042256507988518e-01
2.938582394055049840e-01
-1.056789277477257205e-01
-5.607861265155894559e-02
-1.251913487151176119e-01
3.038285229244853669e-01
-1.300590206716719099e-01
3.034502665909696861e-01
-2.539795976278357015e-02
-3.018865940261868802e-02
-5.620898609899421805e-02
-1.229556553583423112e-01
3.555712441296644544e-01
-1.265001376593456461e-01
3.011240752348782745e-01
-2.539856481958573803e-02
-3.019192872343253592e-02
-5.652783842569378964e-02
-1.216552450437550364e-01
3.640343975615549232e-01
-1.256844185903683297e-01
2.992184236993886137e-01
-2.538336448882058324e-02
-3.018941985385780943e-02
-5.705773141926681613e-02
-1.244691747715765129e-01
3.541773140373952189e-01
-1.261884538192256100e-01
2.974827056492347355e-01
-2.538336528907586542e-02
-3.019840758906916500e-02
-5.782140715545548704e-02
-1.235989434940295562e-01
3.683545303750608846e-01
-1.251720256064822179e-01
2.945198284345489359e-01
-2.539647050626546443e-02
-3.019204809923059160e-02
-5.897656360182972068e-02
-1.267594414679365511e-01
3.655867814103912483e-01
-1.259168130427689436e-01
2.924837265901760186e-01
-2.539647126615574360e-02
-3.020774301421387531e-02
-6.080110557349505118e-02
-1.291013115192964633e-01
3.590685434181223878e-01
-1.255874096690216268e-01
2.903557661794605727e-01
-2.539647191487716740e-02
-3.019799976195378793e-02
-6.371628578048427194e-02
-1.303071446707505521e-01
3.272184470138797541e-01
-1.269320175142149010e-01
3.291262945097141179e-02
1.270851463446792950e-01
7.214530726892026680e-02
1.315209780796718353e-01
-1.887406772563162208e-02
3.311705453274991773e-01
3.017042256507988518e-01
2.938582394055049840e-01
-1.056789277477257205e-01
-5.607861265155894559e-02
-1.251913487151176119e-01
3.038285229244853669e-01
-1.300590206716719099e-01
3.034502665909696861e-01
-2.539795976278357015e-02
-3.018865940261868802e-02
-5.620898609899421805e-02
-1.229556553583423112e-01
3.555712441296644544e-01
-1.265001376593456461e-01
3.011240752348782745e-01
-2.539856481958573803e-02
-3.019192872343253592e-02
-5.652783842569378964e-02
-1.216552450437550364e-01
3.640343975615549232e-01
-1.256844185903683297e-01
2.992184236993886137e-01
-2.538336448882058324e-02
-3.018941985385780943e-02
-5.705773141926681613e-02
-1.244691747715765129e-01
3.541773140373952189e-01
-1.261884538192256100e-01
2.974827056492347355e-01
-2.538336528907586542e-02
-3.019840758906916500e-02
-5.782140715545548704e-02
-1.235989434940295562e-01
3.683545303750608846e-01
-1.251720256064822179e-01
2.945198284345489359e-01
-2.539647050626546443e-02
-3.019204809923059160e-02
-5.897656360182972068e-02
-1.267594414679365511e-01
3.655867814103912483e-01
-1.259168130427689436e-01
2.924837265901760186e-01
-2.539647126615574360e-02
-3.020774301421387531e-02
-6.080110557349505118e-02
-1.291013115192964633e-01
3.590685434181223878e-01
-1.255874096690216268e-01
2.903557661794605727e-01
-2.539647191487716740e-02
-3.019799976195378793e-02
-6.371628578048427194e-02
-1.303071446707505521e-01
3.272184470138797541e-01
-1.269320175142149010e-01
3.291262945097141179e-02
1.270851463446792950e-01
7.214530726892026680e-02
1.315209780796718353e-01
-1.887406772563162208e-02
3.450307663829766947e-01
5.801287762185980412e-01
-2.513883820756534701e-02
