-2.364605299147846951e-01
-2.354735816643788726e-01
7.069813118537542074e-02
-3.670238257632704032e-02
3.673175884205689273e-02
-7.285693162590856087e-02
6.893905589605404081e-03
-2.377066529984862564e-01
-2.539808354095321116e-02
-2.957575399065976579e-02
-3.676300110907765317e-02
3.438286508587923285e-02
-8.297397598592946844e-02
3.239677204419598271e-03
-2.383397330064140063e-01
-2.539868786873277287e-02
-2.955716622047420070e-02
-3.699895445051087223e-02
3.540595963612665209e-02
-8.716268066464330500e-02
1.575218410366818192e-03
-2.391729983189814501e-01
-2.538348700961461785e-02
-2.957842013372063289e-02
-3.736318648331642123e-02
3.517362177364034143e-02
-8.521418248631142112e-02
2.045361547379988005e-03
-2.368637605561791371e-01
-2.538348643980579966e-02
-2.955395276211470953e-02
-3.785890888231835394e-02
3.517863229102349137e-02
-8.653029253969554691e-02
1.565920853295739781e-03
-2.342044082000320770e-01
-2.539658986671566518e-02
-2.957765350926712042e-02
-3.858444770574231270e-02
3.653592426875584137e-02
-7.748712140729564768e-02
4.319195117572571969e-03
-2.327588940267292794e-01
-2.539658953525856383e-02
-2.954892707009598718e-02
-3.968434115956340907e-02
3.629275777817449894e-02
-7.726500671332821313e-02
3.677243907336345992e-03
-2.304955736519632425e-01
-2.539658912538481778e-02
-2.953695168256942338e-02
-4.150254531084211079e-02
3.597481535658647589e-02
-7.179141762257966464e-02
5.002227432057569992e-03
2.663111654379009263e-02
-1.389824479035342286e-01
-3.781924263443434131e-02
-1.333555881900916618e-01
-1.991689082883769599e-02
-8.661380522175875230e-02
-2.364605299147846951e-01
-2.354735816643788726e-01
7.069813118537542074e-02
-3.670238257632704032e-02
3.673175884205689273e-02
-7.285693162590856087e-02
6.893905589605404081e-03
-2.377066529984862564e-01
-2.539808354095321116e-02
-2.957575399065976579e-02
-3.676300110907765317e-02
3.438286508587923285e-02
-8.297397598592946844e-02
3.239677204419598271e-03
-2.383397330064140063e-01
-2.539868786873277287e-02
-2.955716622047420070e-02
-3.699895445051087223e-02
3.540595963612665209e-02
-8.716268066464330500e-02
1.575218410366818192e-03
-2.391729983189814501e-01
-2.538348700961461785e-02
-2.957842013372063289e-02
-3.736318648331642123e-02
3.517362177364034143e-02
-8.521418248631142112e-02
2.045361547379988005e-03
-2.368637605561791371e-01
-2.538348643980579966e-02
-2.955395276211470953e-02
-3.785890888231835394e-02
3.517863229102349137e-02
-8.653029253969554691e-02
1.565920853295739781e-03
-2.342044082000320770e-01
-2.539658986671566518e-02
-2.957765350926712042e-02
-3.858444770574231270e-02
3.653592426875584137e-02
-7.748712140729564768e-02
4.319195117572571969e-03
-2.327588940267292794e-01
-2.539658953525856383e-02
-2.954892707009598718e-02
-3.968434115956340907e-02
3.629275777817449894e-02
-7.726500671332821313e-02
3.677243907336345992e-03
-2.304955736519632425e-01
-2.539658912538481778e-02
-2.953695168256942338e-02
-4.150254531084211079e-02
3.597481535658647589e-02
-7.179141762257966464e-02
5.002227432057569992e-03
2.663111654379009263e-02
-1.389824479035342286e-01
-3.781924263443434131e-02
-1.333555881900916618e-01
-1.991689082883769599e-02
-8.139795441817083976e-02
-2.364605299147846951e-01
-2.354735816643788726e-01
7.069813118537542074e-02
-3.670238257632704032e-02
3.673175884205689273e-02
-7.285693162590856087e-02
6.893905589605404081e-03
-2.377066529984862564e-01
-2.539808354095321116e-02
-2.957575399065976579e-02
-3.676300110907765317e-02
3.438286508587923285e-02
-8.297397598592946844e-02
3.239677204419598271e-03
-2.383397330064140063e-01
-2.539868786873277287e-02
-2.955716622047420070e-02
-3.699895445051087223e-02
3.540595963612665209e-02
-8.716268066464330500e-02
1.575218410366818192e-03
-2.391729983189814501e-01
-2.538348700961461785e-02
-2.957842013372063289e-02
-3.736318648331642123e-02
3.517362177364034143e-02
-8.521418248631142112e-02
2.045361547379988005e-03
-2.368637605561791371e-01
-2.538348643980579966e-02
-2.955395276211470953e-02
-3.785890888231835394e-02
3.517863229102349137e-02
-8.653029253969554691e-02
1.565920853295739781e-03
-2.342044082000320770e-01
-2.539658986671566518e-02
-2.957765350926712042e-02
-3.858444770574231270e-02
3.653592426875584137e-02
-7.748712140729564768e-02
4.319195117572571969e-03
-2.327588940267292794e-01
-2.539658953525856383e-02
-2.954892707009598718e-02
-3.968434115956340907e-02
3.629275777817449894e-02
-7.726500671332821313e-02
3.677243907336345992e-03
-2.304955736519632425e-01
-2.539658912538481778e-02
-2.953695168256942338e-02
-4.150254531084211079e-02
3.597481535658647589e-02
-7.179141762257966464e-02
5.002227432057569992e-03
2.663111654379009263e-02
-1.389824479035342286e-01
-3.781924263443434131e-02
-1.333555881900916618e-01
-1.991689082883769599e-02
-7.644860441935029394e-02
-2.364605299147846951e-01
-2.354735816643788726e-01
7.069813118537542074e-02
-3.670238257632704032e-02
3.673175884205689273e-02
-7.285693162590856087e-02
6.893905589605404081e-03
-2.377066529984862564e-01
-2.539808354095321116e-02
-2.957575399065976579e-02
-3.676300110907765317e-02
3.438286508587923285e-02
-8.297397598592946844e-02
3.239677204419598271e-03
-2.383397330064140063e-01
-2.539868786873277287e-02
-2.955716622047420070e-02
-3.699895445051087223e-02
3.540595963612665209e-02
-8.716268066464330500e-02
1.575218410366818192e-03
-2.391729983189814501e-01
-2.538348700961461785e-02
-2.957842013372063289e-02
-3.736318648331642123e-02
3.517362177364034143e-02
-8.521418248631142112e-02
2.045361547379988005e-03
-2.368637605561791371e-01
-2.538348643980579966e-02
-2.955395276211470953e-02
-3.785890888231835394e-02
3.517863229102349137e-02
-8.653029253969554691e-02
1.565920853295739781e-03
-2.342044082000320770e-01
-2.539658986671566518e-02
-2.957765350926712042e-02
-3.858444770574231270e-02
3.653592426875584137e-02
-7.748712140729564768e-02
4.319195117572571969e-03
-2.327588940267292794e-01
-2.539658953525856383e-02
-2.954892707009598718e-02
-3.968434115956340907e-02
3.629275777817449894e-02
-7.726500671332821313e-02
3.677243907336345992e-03
-2.304955736519632425e-01
-2.539658912538481778e-02
-2.953695168256942338e-02
-4.150254531084211079e-02
3.597481535658647589e-02
-7.179141762257966464e-02
5.002227432057569992e-03
2.663111654379009263e-02
-1.389824479035342286e-01
-3.781924263443434131e-02
-1.333555881900916618e-01
-1.991689082883769599e-02
-7.919390578346026388e-02
-2.364605299147846951e-01
-2.354735816643788726e-01
7.069813118537542074e-02
-3.670238257632704032e-02
3.673175884205689273e-02
-7.285693162590856087e-02
6.893905589605404081e-03
-2.377066529984862564e-01
-2.539808354095321116e-02
-2.957575399065976579e-02
-3.676300110907765317e-02
3.438286508587923285e-02
-8.297397598592946844e-02
3.239677204419598271e-03
-2.383397330064140063e-01
-2.539868786873277287e-02
-2.955716622047420070e-02
-3.699895445051087223e-02
3.540595963612665209e-02
-8.716268066464330500e-02
1.575218410366818192e-03
-2.391729983189814501e-01
-2.538348700961461785e-02
-2.957842013372063289e-02
-3.736318648331642123e-02
3.517362177364034143e-02
-8.521418248631142112e-02
2.045361547379988005e-03
-2.368637605561791371e-01
-2.538348643980579966e-02
-2.955395276211470953e-02
-3.785890888231835394e-02
3.517863229102349137e-02
-8.653029253969554691e-02
1.565920853295739781e-03
-2.342044082000320770e-01
-2.539658986671566518e-02
-2.957765350926712042e-02
-3.858444770574231270e-02
3.653592426875584137e-02
-7.748712140729564768e-02
4.319195117572571969e-03
-2.327588940267292794e-01
-2.539658953525856383e-02
-2.954892707009598718e-02
-3.968434115956340907e-02
3.629275777817449894e-02
-7.726500671332821313e-02
3.677243907336345992e-03
-2.304955736519632425e-01
-2.539658912538481778e-02
-2.953695168256942338e-02
-4.150254531084211079e-02
3.597481535658647589e-02
-7.179141762257966464e-02
5.002227432057569992e-03
2.663111654379009263e-02
-1.389824479035342286e-01
-3.781924263443434131e-02
-1.333555881900916618e-01
-1.991689082883769599e-02
-7.179462351780448170e-02
-2.364605299147846951e-01
-2.354735816643788726e-01
7.069813118537542074e-02
-3.670238257632704032e-02
3.673175884205689273e-02
-7.285693162590856087e-02
6.893905589605404081e-03
-2.377066529984862564e-01
-2.539808354095321116e-02
-2.957575399065976579e-02
-3.676300110907765317e-02
3.438286508587923285e-02
-8.297397598592946844e-02
3.239677204419598271e-03
-2.383397330064140063e-01
-2.539868786873277287e-02
-2.955716622047420070e-02
-3.699895445051087223e-02
3.540595963612665209e-02
-8.716268066464330500e-02
1.575218410366818192e-03
-2.391729983189814501e-01
-2.538348700961461785e-02
-2.957842013372063289e-02
-3.736318648331642123e-02
3.517362177364034143e-02
-8.521418248631142112e-02
2.045361547379988005e-03
-2.368637605561791371e-01
-2.538348643980579966e-02
-2.955395276211470953e-02
-3.785890888231835394e-02
3.517863229102349137e-02
-8.653029253969554691e-02
1.565920853295739781e-03
-2.342044082000320770e-01
-2.539658986671566518e-02
-2.957765350926712042e-02
-3.858444770574231270e-02
3.653592426875584137e-02
-7.748712140729564768e-02
4.319195117572571969e-03
-2.327588940267292794e-01
-2.539658953525856383e-02
-2.954892707009598718e-02
-3.968434115956340907e-02
3.629275777817449894e-02
-7.726500671332821313e-02
3.677243907336345992e-03
-2.304955736519632425e-01
-2.539658912538481778e-02
-2.953695168256942338e-02
-4.150254531084211079e-02
3.597481535658647589e-02
-7.179141762257966464e-02
5.002227432057569992e-03
2.663111654379009263e-02
-1.389824479035342286e-01
-3.781924263443434131e-02
-1.333555881900916618e-01
-1.991689082883769599e-02
-7.552168722473684426e-02
-2.364605299147846951e-01
-2.354735816643788726e-01
7.069813118537542074e-02
-3.670238257632704032e-02
3.673175884205689273e-02
-7.285693162590856087e-02
6.893905589605404081e-03
-2.377066529984862564e-01
-2.539808354095321116e-02
-2.957575399065976579e-02
-3.676300110907765317e-02
3.438286508587923285e-02
-8.297397598592946844e-02
3.239677204419598271e-03
-2.383397330064140063e-01
-2.539868786873277287e-02
-2.955716622047420070e-02
-3.699895445051087223e-02
3.540595963612665209e-02
-8.716268066464330500e-02
1.575218410366818192e-03
-2.391729983189814501e-01
-2.538348700961461785e-02
-2.957842013372063289e-02
-3.736318648331642123e-02
3.517362177364034143e-02
-8.521418248631142112e-02
2.045361547379988005e-03
-2.368637605561791371e-01
-2.538348643980579966e-02
-2.955395276211470953e-02
-3.785890888231835394e-02
3.517863229102349137e-02
-8.653029253969554691e-02
1.565920853295739781e-03
-2.342044082000320770e-01
-2.539658986671566518e-02
-2.957765350926712042e-02
-3.858444770574231270e-02
3.653592426875584137e-02
-7.748712140729564768e-02
4.319195117572571969e-03
-2.327588940267292794e-01
-2.539658953525856383e-02
-2.954892707009598718e-02
-3.968434115956340907e-02
3.629275777817449894e-02
-7.726500671332821313e-02
3.677243907336345992e-03
-2.304955736519632425e-01
-2.539658912538481778e-02
-2.953695168256942338e-02
-4.150254531084211079e-02
3.597481535658647589e-02
-7.179141762257966464e-02
5.002227432057569992e-03
2.663111654379009263e-02
-1.389824479035342286e-01
-3.781924263443434131e-02
-1.333555881900916618e-01
-1.991689082883769599e-02
-7.794766280852956364e-02
-2.364605299147846951e-01
-2.354735816643788726e-01
7.069813118537542074e-02
-3.670238257632704032e-02
3.673175884205689273e-02
-7.285693162590856087e-02
6.893905589605404081e-03
-2.377066529984862564e-01
-2.539808354095321116e-02
-2.957575399065976579e-02
-3.676300110907765317e-02
3.438286508587923285e-02
-8.297397598592946844e-02
3.239677204419598271e-03
-2.383397330064140063e-01
-2.539868786873277287e-02
-2.955716622047420070e-02
-3.699895445051087223e-02
3.540595963612665209e-02
-8.716268066464330500e-02
1.575218410366818192e-03
-2.391729983189814501e-01
-2.538348700961461785e-02
-2.957842013372063289e-02
-3.736318648331642123e-02
3.517362177364034143e-02
-8.521418248631142112e-02
2.045361547379988005e-03
-2.368637605561791371e-01
-2.538348643980579966e-02
-2.955395276211470953e-02
-3.785890888231835394e-02
3.517863229102349137e-02
-8.653029253969554691e-02
1.565920853295739781e-03
-2.342044082000320770e-01
-2.539658986671566518e-02
-2.957765350926712042e-02
-3.858444770574231270e-02
3.653592426875584137e-02
-7.748712140729564768e-02
4.319195117572571969e-03
-2.327588940267292794e-01
-2.539658953525856383e-02
-2.954892707009598718e-02
-3.968434115956340907e-02
3.629275777817449894e-02
-7.726500671332821313e-02
3.677243907336345992e-03
-2.304955736519632425e-01
-2.539658912538481778e-02
-2.953695168256942338e-02
-4.150254531084211079e-02
3.597481535658647589e-02
-7.179141762257966464e-02
5.002227432057569992e-03
2.663111654379009263e-02
-1.389824479035342286e-01
-3.781924263443434131e-02
-1.333555881900916618e-01
-1.991689082883769599e-02
-7.934650074612988047e-02
-2.364605299147846951e-01
-2.354735816643788726e-01
7.069813118537542074e-02
-3.670238257632704032e-02
3.673175884205689273e-02
-7.285693162590856087e-02
6.893905589605404081e-03
-2.377066529984862564e-01
-2.539808354095321116e-02
-2.957575399065976579e-02
-3.676300110907765317e-02
3.438286508587923285e-02
-8.297397598592946844e-02
3.239677204419598271e-03
-2.383397330064140063e-01
-2.539868786873277287e-02
-2.955716622047420070e-02
-3.699895445051087223e-02
3.540595963612665209e-02
-8.716268066464330500e-02
1.575218410366818192e-03
-2.391729983189814501e-01
-2.538348700961461785e-02
-2.957842013372063289e-02
-3.736318648331642123e-02
3.517362177364034143e-02
-8.521418248631142112e-02
2.045361547379988005e-03
-2.368637605561791371e-01
-2.538348643980579966e-02
-2.955395276211470953e-02
-3.785890888231835394e-02
3.517863229102349137e-02
-8.653029253969554691e-02
1.565920853295739781e-03
-2.342044082000320770e-01
-2.539658986671566518e-02
-2.957765350926712042e-02
-3.858444770574231270e-02
3.653592426875584137e-02
-7.748712140729564768e-02
4.319195117572571969e-03
-2.327588940267292794e-01
-2.539658953525856383e-02
-2.954892707009598718e-02
-3.968434115956340907e-02
3.629275777817449894e-02
-7.726500671332821313e-02
3.677243907336345992e-03
-2.304955736519632425e-01
-2.539658912538481778e-02
-2.953695168256942338e-02
-4.150254531084211079e-02
3.597481535658647589e-02
-7.179141762257966464e-02
5.002227432057569992e-03
2.663111654379009263e-02
-1.389824479035342286e-01
-3.781924263443434131e-02
-1.333555881900916618e-01
-1.991689082883769599e-02
-7.481847467737341717e-02
-2.364605299147846951e-01
-2.354735816643788726e-01
7.069813118537542074e-02
-3.670238257632704032e-02
3.673175884205689273e-02
-7.285693162590856087e-02
6.893905589605404081e-03
-2.377066529984862564e-01
-2.539808354095321116e-02
-2.957575399065976579e-02
-3.676300110907765317e-02
3.438286508587923285e-02
-8.297397598592946844e-02
3.239677204419598271e-03
-2.383397330064140063e-01
-2.539868786873277287e-02
-2.955716622047420070e-02
-3.699895445051087223e-02
3.540595963612665209e-02
-8.716268066464330500e-02
1.575218410366818192e-03
-2.391729983189814501e-01
-2.538348700961461785e-02
-2.957842013372063289e-02
-3.736318648331642123e-02
3.517362177364034143e-02
-8.521418248631142112e-02
2.045361547379988005e-03
-2.368637605561791371e-01
-2.538348643980579966e-02
-2.955395276211470953e-02
-3.785890888231835394e-02
3.517863229102349137e-02
-8.653029253969554691e-02
1.565920853295739781e-03
-2.342044082000320770e-01
-2.539658986671566518e-02
-2.957765350926712042e-02
-3.858444770574231270e-02
3.653592426875584137e-02
-7.748712140729564768e-02
4.319195117572571969e-03
-2.327588940267292794e-01
-2.539658953525856383e-02
-2.954892707009598718e-02
-3.968434115956340907e-02
3.629275777817449894e-02
-7.726500671332821313e-02
3.677243907336345992e-03
-2.304955736519632425e-01
-2.539658912538481778e-02
-2.953695168256942338e-02
-4.150254531084211079e-02
3.597481535658647589e-02
-7.179141762257966464e-02
5.002227432057569992e-03
2.663111654379009263e-02
-1.389824479035342286e-01
-3.781924263443434131e-02
-1.333555881900916618e-01
-1.991689082883769599e-02
-7.936145640062140794e-02
-4.711857470919674773e-01
4.439081536192000105e-02
