-3.675764872647394044e-01
-3.548176435437951359e-01
-4.508161576291206535e-02
1.524675904366220358e+00
9.377690906225006895e-01
-1.136111772009208015e-01
1.240408368704469355e+00
-3.702318161505037120e-01
-2.539811168171249994e-02
-2.990821437136096522e-02
1.539978745855679065e+00
9.510623754337501623e-01
-1.129471264150029297e-01
1.233744839664250748e+00
-3.723351091351775333e-01
-2.539871646334859387e-02
-2.993625889929368150e-02
1.517883200723485704e+00
9.126532547655145100e-01
-1.134834291867202610e-01
1.219022478194113468e+00
-3.741043021486653575e-01
-2.538351590395713370e-02
-2.994534381726482106e-02
1.459143429903130507e+00
9.257878893204132265e-01
-1.105749450700015124e-01
1.208926204566659557e+00
-3.757317320258973248e-01
-2.538351631839826789e-02
-2.985879024884941293e-02
1.422192916164060739e+00
9.458194516060589585e-01
-1.026249739104254655e-01
1.215929531110292672e+00
-3.772836352565753226e-01
-2.539662075789346496e-02
-2.984332988531318565e-02
1.386964215913969456e+00
9.642807856141537570e-01
-9.975222629252587792e-02
1.211848919760874832e+00
-3.787858306508373185e-01
-2.539662128255889412e-02
-2.974487617053329230e-02
1.360837420334478409e+00
1.011691700060431076e+00
-8.935140222608120575e-02
1.216966055246761824e+00
-3.798738438340955037e-01
-2.539662196412175929e-02
-2.972724742923076729e-02
1.330031832635744093e+00
1.046731304282623620e+00
-7.060116265519031375e-02
1.241352894711665877e+00
2.143787505882254960e-02
-2.798840059546302966e-02
-1.133065176863354978e-01
-2.324880963481448445e-02
-2.058696996637322460e-02
-9.161047474420076775e-02
-3.675764872647394044e-01
-3.548176435437951359e-01
-4.508161576291206535e-02
1.524675904366220358e+00
9.377690906225006895e-01
-1.136111772009208015e-01
1.240408368704469355e+00
-3.702318161505037120e-01
-2.539811168171249994e-02
-2.990821437136096522e-02
1.539978745855679065e+00
9.510623754337501623e-01
-1.129471264150029297e-01
1.233744839664250748e+00
-3.723351091351775333e-01
-2.539871646334859387e-02
-2.993625889929368150e-02
1.517883200723485704e+00
9.126532547655145100e-01
-1.134834291867202610e-01
1.219022478194113468e+00
-3.741043021486653575e-01
-2.538351590395713370e-02
-2.994534381726482106e-02
1.459143429903130507e+00
9.257878893204132265e-01
-1.105749450700015124e-01
1.208926204566659557e+00
-3.757317320258973248e-01
-2.538351631839826789e-02
-2.985879024884941293e-02
1.422192916164060739e+00
9.458194516060589585e-01
-1.026249739104254655e-01
1.215929531110292672e+00
-3.772836352565753226e-01
-2.539662075789346496e-02
-2.984332988531318565e-02
1.386964215913969456e+00
9.642807856141537570e-01
-9.975222629252587792e-02
1.211848919760874832e+00
-3.787858306508373185e-01
-2.539662128255889412e-02
-2.974487617053329230e-02
1.360837420334478409e+00
1.011691700060431076e+00
-8.935140222608120575e-02
1.216966055246761824e+00
-3.798738438340955037e-01
-2.539662196412175929e-02
-2.972724742923076729e-02
1.330031832635744093e+00
1.046731304282623620e+00
-7.060116265519031375e-02
1.241352894711665877e+00
2.143787505882254960e-02
-2.798840059546302966e-02
-1.133065176863354978e-01
-2.324880963481448445e-02
-2.058696996637322460e-02
-7.572738913205440126e-02
-3.675764872647394044e-01
-3.548176435437951359e-01
-4.508161576291206535e-02
1.524675904366220358e+00
9.377690906225006895e-01
-1.136111772009208015e-01
1.240408368704469355e+00
-3.702318161505037120e-01
-2.539811168171249994e-02
-2.990821437136096522e-02
1.539978745855679065e+00
9.510623754337501623e-01
-1.129471264150029297e-01
1.233744839664250748e+00
-3.723351091351775333e-01
-2.539871646334859387e-02
-2.993625889929368150e-02
1.517883200723485704e+00
9.126532547655145100e-01
-1.134834291867202610e-01
1.219022478194113468e+00
-3.741043021486653575e-01
-2.538351590395713370e-02
-2.994534381726482106e-02
1.459143429903130507e+00
9.257878893204132265e-01
-1.105749450700015124e-01
1.208926204566659557e+00
-3.757317320258973248e-01
-2.538351631839826789e-02
-2.985879024884941293e-02
1.422192916164060739e+00
9.458194516060589585e-01
-1.026249739104254655e-01
1.215929531110292672e+00
-3.772836352565753226e-01
-2.539662075789346496e-02
-2.984332988531318565e-02
1.386964215913969456e+00
9.642807856141537570e-01
-9.975222629252587792e-02
1.211848919760874832e+00
-3.787858306508373185e-01
-2.539662128255889412e-02
-2.974487617053329230e-02
1.360837420334478409e+00
1.011691700060431076e+00
-8.935140222608120575e-02
1.216966055246761824e+00
-3.798738438340955037e-01
-2.539662196412175929e-02
-2.972724742923076729e-02
1.330031832635744093e+00
1.046731304282623620e+00
-7.060116265519031375e-02
1.241352894711665877e+00
2.143787505882254960e-02
-2.798840059546302966e-02
-1.133065176863354978e-01
-2.324880963481448445e-02
-2.058696996637322460e-02
-7.584094892691349565e-02
-3.675764872647394044e-01
-3.548176435437951359e-01
-4.508161576291206535e-02
1.524675904366220358e+00
9.377690906225006895e-01
-1.136111772009208015e-01
1.240408368704469355e+00
-3.702318161505037120e-01
-2.539811168171249994e-02
-2.990821437136096522e-02
1.539978745855679065e+00
9.510623754337501623e-01
-1.129471264150029297e-01
1.233744839664250748e+00
-3.723351091351775333e-01
-2.539871646334859387e-02
-2.993625889929368150e-02
1.517883200723485704e+00
9.126532547655145100e-01
-1.134834291867202610e-01
1.219022478194113468e+00
-3.741043021486653575e-01
-2.538351590395713370e-02
-2.994534381726482106e-02
1.459143429903130507e+00
9.257878893204132265e-01
-1.105749450700015124e-01
1.208926204566659557e+00
-3.757317320258973248e-01
-2.538351631839826789e-02
-2.985879024884941293e-02
1.422192916164060739e+00
9.458194516060589585e-01
-1.026249739104254655e-01
1.215929531110292672e+00
-3.772836352565753226e-01
-2.539662075789346496e-02
-2.984332988531318565e-02
1.386964215913969456e+00
9.642807856141537570e-01
-9.975222629252587792e-02
1.211848919760874832e+00
-3.787858306508373185e-01
-2.539662128255889412e-02
-2.974487617053329230e-02
1.360837420334478409e+00
1.011691700060431076e+00
-8.935140222608120575e-02
1.216966055246761824e+00
-3.798738438340955037e-01
-2.539662196412175929e-02
-2.972724742923076729e-02
1.330031832635744093e+00
1.046731304282623620e+00
-7.060116265519031375e-02
1.241352894711665877e+00
2.143787505882254960e-02
-2.798840059546302966e-02
-1.133065176863354978e-01
-2.324880963481448445e-02
-2.058696996637322460e-02
-7.959888117060319457e-02
-3.675764872647394044e-01
-3.548176435437951359e-01
-4.508161576291206535e-02
1.524675904366220358e+00
9.377690906225006895e-01
-1.136111772009208015e-01
1.240408368704469355e+00
-3.702318161505037120e-01
-2.539811168171249994e-02
-2.990821437136096522e-02
1.539978745855679065e+00
9.510623754337501623e-01
-1.129471264150029297e-01
1.233744839664250748e+00
-3.723351091351775333e-01
-2.539871646334859387e-02
-2.993625889929368150e-02
1.517883200723485704e+00
9.126532547655145100e-01
-1.134834291867202610e-01
1.219022478194113468e+00
-3.741043021486653575e-01
-2.538351590395713370e-02
-2.994534381726482106e-02
1.459143429903130507e+00
9.257878893204132265e-01
-1.105749450700015124e-01
1.208926204566659557e+00
-3.757317320258973248e-01
-2.538351631839826789e-02
-2.985879024884941293e-02
1.422192916164060739e+00
9.458194516060589585e-01
-1.026249739104254655e-01
1.215929531110292672e+00
-3.772836352565753226e-01
-2.539662075789346496e-02
-2.984332988531318565e-02
1.386964215913969456e+00
9.642807856141537570e-01
-9.975222629252587792e-02
1.211848919760874832e+00
-3.787858306508373185e-01
-2.539662128255889412e-02
-2.974487617053329230e-02
1.360837420334478409e+00
1.011691700060431076e+00
-8.935140222608120575e-02
1.216966055246761824e+00
-3.798738438340955037e-01
-2.539662196412175929e-02
-2.972724742923076729e-02
1.330031832635744093e+00
1.046731304282623620e+00
-7.060116265519031375e-02
1.241352894711665877e+00
2.143787505882254960e-02
-2.798840059546302966e-02
-1.133065176863354978e-01
-2.324880963481448445e-02
-2.058696996637322460e-02
-7.456281652085237910e-02
-3.675764872647394044e-01
-3.548176435437951359e-01
-4.508161576291206535e-02
1.524675904366220358e+00
9.377690906225006895e-01
-1.136111772009208015e-01
1.240408368704469355e+00
-3.702318161505037120e-01
-2.539811168171249994e-02
-2.990821437136096522e-02
1.539978745855679065e+00
9.510623754337501623e-01
-1.129471264150029297e-01
1.233744839664250748e+00
-3.723351091351775333e-01
-2.539871646334859387e-02
-2.993625889929368150e-02
1.517883200723485704e+00
9.126532547655145100e-01
-1.134834291867202610e-01
1.219022478194113468e+00
-3.741043021486653575e-01
-2.538351590395713370e-02
-2.994534381726482106e-02
1.459143429903130507e+00
9.257878893204132265e-01
-1.105749450700015124e-01
1.208926204566659557e+00
-3.757317320258973248e-01
-2.538351631839826789e-02
-2.985879024884941293e-02
1.422192916164060739e+00
9.458194516060589585e-01
-1.026249739104254655e-01
1.215929531110292672e+00
-3.772836352565753226e-01
-2.539662075789346496e-02
-2.984332988531318565e-02
1.386964215913969456e+00
9.642807856141537570e-01
-9.975222629252587792e-02
1.211848919760874832e+00
-3.787858306508373185e-01
-2.539662128255889412e-02
-2.974487617053329230e-02
1.360837420334478409e+00
1.011691700060431076e+00
-8.935140222608120575e-02
1.216966055246761824e+00
-3.798738438340955037e-01
-2.539662196412175929e-02
-2.972724742923076729e-02
1.330031832635744093e+00
1.046731304282623620e+00
-7.060116265519031375e-02
1.241352894711665877e+00
2.143787505882254960e-02
-2.798840059546302966e-02
-1.133065176863354978e-01
-2.324880963481448445e-02
-2.058696996637322460e-02
-8.112050304806719958e-02
-3.675764872647394044e-01
-3.548176435437951359e-01
-4.508161576291206535e-02
1.524675904366220358e+00
9.377690906225006895e-01
-1.136111772009208015e-01
1.240408368704469355e+00
-3.702318161505037120e-01
-2.539811168171249994e-02
-2.990821437136096522e-02
1.539978745855679065e+00
9.510623754337501623e-01
-1.129471264150029297e-01
1.233744839664250748e+00
-3.723351091351775333e-01
-2.539871646334859387e-02
-2.993625889929368150e-02
1.517883200723485704e+00
9.126532547655145100e-01
-1.134834291867202610e-01
1.219022478194113468e+00
-3.741043021486653575e-01
-2.538351590395713370e-02
-2.994534381726482106e-02
1.459143429903130507e+00
9.257878893204132265e-01
-1.105749450700015124e-01
1.208926204566659557e+00
-3.757317320258973248e-01
-2.538351631839826789e-02
-2.985879024884941293e-02
1.422192916164060739e+00
9.458194516060589585e-01
-1.026249739104254655e-01
1.215929531110292672e+00
-3.772836352565753226e-01
-2.539662075789346496e-02
-2.984332988531318565e-02
1.386964215913969456e+00
9.642807856141537570e-01
-9.975222629252587792e-02
1.211848919760874832e+00
-3.787858306508373185e-01
-2.539662128255889412e-02
-2.974487617053329230e-02
1.360837420334478409e+00
1.011691700060431076e+00
-8.935140222608120575e-02
1.216966055246761824e+00
-3.798738438340955037e-01
-2.539662196412175929e-02
-2.972724742923076729e-02
1.330031832635744093e+00
1.046731304282623620e+00
-7.060116265519031375e-02
1.241352894711665877e+00
2.143787505882254960e-02
-2.798840059546302966e-02
-1.133065176863354978e-01
-2.324880963481448445e-02
-2.058696996637322460e-02
-8.320024387713785552e-02
-3.675764872647394044e-01
-3.548176435437951359e-01
-4.508161576291206535e-02
1.524675904366220358e+00
9.377690906225006895e-01
-1.136111772009208015e-01
1.240408368704469355e+00
-3.702318161505037120e-01
-2.539811168171249994e-02
-2.990821437136096522e-02
1.539978745855679065e+00
9.510623754337501623e-01
-1.129471264150029297e-01
1.233744839664250748e+00
-3.723351091351775333e-01
-2.539871646334859387e-02
-2.993625889929368150e-02
1.517883200723485704e+00
9.126532547655145100e-01
-1.134834291867202610e-01
1.219022478194113468e+00
-3.741043021486653575e-01
-2.538351590395713370e-02
-2.994534381726482106e-02
1.459143429903130507e+00
9.257878893204132265e-01
-1.105749450700015124e-01
1.208926204566659557e+00
-3.757317320258973248e-01
-2.538351631839826789e-02
-2.985879024884941293e-02
1.422192916164060739e+00
9.458194516060589585e-01
-1.026249739104254655e-01
1.215929531110292672e+00
-3.772836352565753226e-01
-2.539662075789346496e-02
-2.984332988531318565e-02
1.386964215913969456e+00
9.642807856141537570e-01
-9.975222629252587792e-02
1.211848919760874832e+00
-3.787858306508373185e-01
-2.539662128255889412e-02
-2.974487617053329230e-02
1.360837420334478409e+00
1.011691700060431076e+00
-8.935140222608120575e-02
1.216966055246761824e+00
-3.798738438340955037e-01
-2.539662196412175929e-02
-2.972724742923076729e-02
1.330031832635744093e+00
1.046731304282623620e+00
-7.060116265519031375e-02
1.241352894711665877e+00
2.143787505882254960e-02
-2.798840059546302966e-02
-1.133065176863354978e-01
-2.324880963481448445e-02
-2.058696996637322460e-02
-8.460717216288569931e-02
-3.675764872647394044e-01
-3.548176435437951359e-01
-4.508161576291206535e-02
1.524675904366220358e+00
9.377690906225006895e-01
-1.136111772009208015e-01
1.240408368704469355e+00
-3.702318161505037120e-01
-2.539811168171249994e-02
-2.990821437136096522e-02
1.539978745855679065e+00
9.510623754337501623e-01
-1.129471264150029297e-01
1.233744839664250748e+00
-3.723351091351775333e-01
-2.539871646334859387e-02
-2.993625889929368150e-02
1.517883200723485704e+00
9.126532547655145100e-01
-1.134834291867202610e-01
1.219022478194113468e+00
-3.741043021486653575e-01
-2.538351590395713370e-02
-2.994534381726482106e-02
1.459143429903130507e+00
9.257878893204132265e-01
-1.105749450700015124e-01
1.208926204566659557e+00
-3.757317320258973248e-01
-2.538351631839826789e-02
-2.985879024884941293e-02
1.422192916164060739e+00
9.458194516060589585e-01
-1.026249739104254655e-01
1.215929531110292672e+00
-3.772836352565753226e-01
-2.539662075789346496e-02
-2.984332988531318565e-02
1.386964215913969456e+00
9.642807856141537570e-01
-9.975222629252587792e-02
1.211848919760874832e+00
-3.787858306508373185e-01
-2.539662128255889412e-02
-2.974487617053329230e-02
1.360837420334478409e+00
1.011691700060431076e+00
-8.935140222608120575e-02
1.216966055246761824e+00
-3.798738438340955037e-01
-2.539662196412175929e-02
-2.972724742923076729e-02
1.330031832635744093e+00
1.046731304282623620e+00
-7.060116265519031375e-02
1.241352894711665877e+00
2.143787505882254960e-02
-2.798840059546302966e-02
-1.133065176863354978e-01
-2.324880963481448445e-02
-2.058696996637322460e-02
-7.270527057237442803e-02
-3.675764872647394044e-01
-3.548176435437951359e-01
-4.508161576291206535e-02
1.524675904366220358e+00
9.377690906225006895e-01
-1.136111772009208015e-01
1.240408368704469355e+00
-3.702318161505037120e-01
-2.539811168171249994e-02
-2.990821437136096522e-02
1.539978745855679065e+00
9.510623754337501623e-01
-1.129471264150029297e-01
1.233744839664250748e+00
-3.723351091351775333e-01
-2.539871646334859387e-02
-2.993625889929368150e-02
1.517883200723485704e+00
9.126532547655145100e-01
-1.134834291867202610e-01
1.219022478194113468e+00
-3.741043021486653575e-01
-2.538351590395713370e-02
-2.994534381726482106e-02
1.459143429903130507e+00
9.257878893204132265e-01
-1.105749450700015124e-01
1.208926204566659557e+00
-3.757317320258973248e-01
-2.538351631839826789e-02
-2.985879024884941293e-02
1.422192916164060739e+00
9.458194516060589585e-01
-1.026249739104254655e-01
1.215929531110292672e+00
-3.772836352565753226e-01
-2.539662075789346496e-02
-2.984332988531318565e-02
1.386964215913969456e+00
9.642807856141537570e-01
-9.975222629252587792e-02
1.211848919760874832e+00
-3.787858306508373185e-01
-2.539662128255889412e-02
-2.974487617053329230e-02
1.360837420334478409e+00
1.011691700060431076e+00
-8.935140222608120575e-02
1.216966055246761824e+00
-3.798738438340955037e-01
-2.539662196412175929e-02
-2.972724742923076729e-02
1.330031832635744093e+00
1.046731304282623620e+00
-7.060116265519031375e-02
1.241352894711665877e+00
2.143787505882254960e-02
-2.798840059546302966e-02
-1.133065176863354978e-01
-2.324880963481448445e-02
-2.058696996637322460e-02
-8.100104131327222345e-02
-9.253561084409583914e-01
5.400325689275908142e-02
