-2.181205696312554787e-01
-2.152458158288392265e-01
7.297432171464449113e-02
-4.065594243362679466e-02
3.216219913364708888e-02
-7.243978499489493739e-02
-7.235072818303655250e-03
-2.190805780555890037e-01
-2.539807875230951084e-02
-2.957906556960231137e-02
-4.077767116466751718e-02
2.996113436348742110e-02
-7.869242086100931843e-02
-9.390731964474305360e-03
-2.209247966870643842e-01
-2.539868333502029105e-02
-2.954843656611122471e-02
-4.106085402225480296e-02
3.046728400368271805e-02
-8.306521029940952539e-02
-1.093340445272281483e-02
-2.223739751557581579e-01
-2.538348261947920986e-02
-2.958717870264053473e-02
-4.150247226568586079e-02
3.018506669142278012e-02
-8.431413405610577172e-02
-1.146602456274855263e-02
-2.236620756999414816e-01
-2.538348296556492203e-02
-2.957509256684688961e-02
-4.208354115180506366e-02
2.871847933918281193e-02
-8.369100504386861594e-02
-1.126668638613479920e-02
-2.225060450902107967e-01
-2.539658677174466694e-02
-2.957845864609817341e-02
-4.298398309966711128e-02
3.018872328243801459e-02
-7.903282172529030314e-02
-9.921606758874983167e-03
-2.213213264604242114e-01
-2.539658650552403460e-02
-2.958652046532691399e-02
-4.434784388250188197e-02
3.051411241356341564e-02
-7.395008197612702727e-02
-8.683771427381584834e-03
-2.214036295690171852e-01
-2.539658639340383953e-02
-2.954344190372900497e-02
-4.652591625963486272e-02
3.035403648582208139e-02
-6.575729679616984513e-02
-6.557945379115436013e-03
2.394102469955237261e-02
-3.079254762333101803e-01
-8.297791254214550993e-02
-3.012752177201948878e-01
-2.034085140808027450e-02
-8.300567172374508085e-02
-2.181205696312554787e-01
-2.152458158288392265e-01
7.297432171464449113e-02
-4.065594243362679466e-02
3.216219913364708888e-02
-7.243978499489493739e-02
-7.235072818303655250e-03
-2.190805780555890037e-01
-2.539807875230951084e-02
-2.957906556960231137e-02
-4.077767116466751718e-02
2.996113436348742110e-02
-7.869242086100931843e-02
-9.390731964474305360e-03
-2.209247966870643842e-01
-2.539868333502029105e-02
-2.954843656611122471e-02
-4.106085402225480296e-02
3.046728400368271805e-02
-8.306521029940952539e-02
-1.093340445272281483e-02
-2.223739751557581579e-01
-2.538348261947920986e-02
-2.958717870264053473e-02
-4.150247226568586079e-02
3.018506669142278012e-02
-8.431413405610577172e-02
-1.146602456274855263e-02
-2.236620756999414816e-01
-2.538348296556492203e-02
-2.957509256684688961e-02
-4.208354115180506366e-02
2.871847933918281193e-02
-8.369100504386861594e-02
-1.126668638613479920e-02
-2.225060450902107967e-01
-2.539658677174466694e-02
-2.957845864609817341e-02
-4.298398309966711128e-02
3.018872328243801459e-02
-7.903282172529030314e-02
-9.921606758874983167e-03
-2.213213264604242114e-01
-2.539658650552403460e-02
-2.958652046532691399e-02
-4.434784388250188197e-02
3.051411241356341564e-02
-7.395008197612702727e-02
-8.683771427381584834e-03
-2.214036295690171852e-01
-2.539658639340383953e-02
-2.954344190372900497e-02
-4.652591625963486272e-02
3.035403648582208139e-02
-6.575729679616984513e-02
-6.557945379115436013e-03
2.394102469955237261e-02
-3.079254762333101803e-01
-8.297791254214550993e-02
-3.012752177201948878e-01
-2.034085140808027450e-02
-7.772712086133325149e-02
-2.181205696312554787e-01
-2.152458158288392265e-01
7.297432171464449113e-02
-4.065594243362679466e-02
3.216219913364708888e-02
-7.243978499489493739e-02
-7.235072818303655250e-03
-2.190805780555890037e-01
-2.539807875230951084e-02
-2.957906556960231137e-02
-4.077767116466751718e-02
2.996113436348742110e-02
-7.869242086100931843e-02
-9.390731964474305360e-03
-2.209247966870643842e-01
-2.539868333502029105e-02
-2.954843656611122471e-02
-4.106085402225480296e-02
3.046728400368271805e-02
-8.306521029940952539e-02
-1.093340445272281483e-02
-2.223739751557581579e-01
-2.538348261947920986e-02
-2.958717870264053473e-02
-4.150247226568586079e-02
3.018506669142278012e-02
-8.431413405610577172e-02
-1.146602456274855263e-02
-2.236620756999414816e-01
-2.538348296556492203e-02
-2.957509256684688961e-02
-4.208354115180506366e-02
2.871847933918281193e-02
-8.369100504386861594e-02
-1.126668638613479920e-02
-2.225060450902107967e-01
-2.539658677174466694e-02
-2.957845864609817341e-02
-4.298398309966711128e-02
3.018872328243801459e-02
-7.903282172529030314e-02
-9.921606758874983167e-03
-2.213213264604242114e-01
-2.539658650552403460e-02
-2.958652046532691399e-02
-4.434784388250188197e-02
3.051411241356341564e-02
-7.395008197612702727e-02
-8.683771427381584834e-03
-2.214036295690171852e-01
-2.539658639340383953e-02
-2.954344190372900497e-02
-4.652591625963486272e-02
3.035403648582208139e-02
-6.575729679616984513e-02
-6.557945379115436013e-03
2.394102469955237261e-02
-3.079254762333101803e-01
-8.297791254214550993e-02
-3.012752177201948878e-01
-2.034085140808027450e-02
-7.303624812022516122e-02
-2.181205696312554787e-01
-2.152458158288392265e-01
7.297432171464449113e-02
-4.065594243362679466e-02
3.216219913364708888e-02
-7.243978499489493739e-02
-7.235072818303655250e-03
-2.190805780555890037e-01
-2.539807875230951084e-02
-2.957906556960231137e-02
-4.077767116466751718e-02
2.996113436348742110e-02
-7.869242086100931843e-02
-9.390731964474305360e-03
-2.209247966870643842e-01
-2.539868333502029105e-02
-2.954843656611122471e-02
-4.106085402225480296e-02
3.046728400368271805e-02
-8.306521029940952539e-02
-1.093340445272281483e-02
-2.223739751557581579e-01
-2.538348261947920986e-02
-2.958717870264053473e-02
-4.150247226568586079e-02
3.018506669142278012e-02
-8.431413405610577172e-02
-1.146602456274855263e-02
-2.236620756999414816e-01
-2.538348296556492203e-02
-2.957509256684688961e-02
-4.208354115180506366e-02
2.871847933918281193e-02
-8.369100504386861594e-02
-1.126668638613479920e-02
-2.225060450902107967e-01
-2.539658677174466694e-02
-2.957845864609817341e-02
-4.298398309966711128e-02
3.018872328243801459e-02
-7.903282172529030314e-02
-9.921606758874983167e-03
-2.213213264604242114e-01
-2.539658650552403460e-02
-2.958652046532691399e-02
-4.434784388250188197e-02
3.051411241356341564e-02
-7.395008197612702727e-02
-8.683771427381584834e-03
-2.214036295690171852e-01
-2.539658639340383953e-02
-2.954344190372900497e-02
-4.652591625963486272e-02
3.035403648582208139e-02
-6.575729679616984513e-02
-6.557945379115436013e-03
2.394102469955237261e-02
-3.079254762333101803e-01
-8.297791254214550993e-02
-3.012752177201948878e-01
-2.034085140808027450e-02
-7.576503984117040347e-02
-2.181205696312554787e-01
-2.152458158288392265e-01
7.297432171464449113e-02
-4.065594243362679466e-02
3.216219913364708888e-02
-7.243978499489493739e-02
-7.235072818303655250e-03
-2.190805780555890037e-01
-2.539807875230951084e-02
-2.957906556960231137e-02
-4.077767116466751718e-02
2.996113436348742110e-02
-7.869242086100931843e-02
-9.390731964474305360e-03
-2.209247966870643842e-01
-2.539868333502029105e-02
-2.954843656611122471e-02
-4.106085402225480296e-02
3.046728400368271805e-02
-8.306521029940952539e-02
-1.093340445272281483e-02
-2.223739751557581579e-01
-2.538348261947920986e-02
-2.958717870264053473e-02
-4.150247226568586079e-02
3.018506669142278012e-02
-8.431413405610577172e-02
-1.146602456274855263e-02
-2.236620756999414816e-01
-2.538348296556492203e-02
-2.957509256684688961e-02
-4.208354115180506366e-02
2.871847933918281193e-02
-8.369100504386861594e-02
-1.126668638613479920e-02
-2.225060450902107967e-01
-2.539658677174466694e-02
-2.957845864609817341e-02
-4.298398309966711128e-02
3.018872328243801459e-02
-7.903282172529030314e-02
-9.921606758874983167e-03
-2.213213264604242114e-01
-2.539658650552403460e-02
-2.958652046532691399e-02
-4.434784388250188197e-02
3.051411241356341564e-02
-7.395008197612702727e-02
-8.683771427381584834e-03
-2.214036295690171852e-01
-2.539658639340383953e-02
-2.954344190372900497e-02
-4.652591625963486272e-02
3.035403648582208139e-02
-6.575729679616984513e-02
-6.557945379115436013e-03
2.394102469955237261e-02
-3.079254762333101803e-01
-8.297791254214550993e-02
-3.012752177201948878e-01
-2.034085140808027450e-02
-6.749401383375723540e-02
-2.181205696312554787e-01
-2.152458158288392265e-01
7.297432171464449113e-02
-4.065594243362679466e-02
3.216219913364708888e-02
-7.243978499489493739e-02
-7.235072818303655250e-03
-2.190805780555890037e-01
-2.539807875230951084e-02
-2.957906556960231137e-02
-4.077767116466751718e-02
2.996113436348742110e-02
-7.869242086100931843e-02
-9.390731964474305360e-03
-2.209247966870643842e-01
-2.539868333502029105e-02
-2.954843656611122471e-02
-4.106085402225480296e-02
3.046728400368271805e-02
-8.306521029940952539e-02
-1.093340445272281483e-02
-2.223739751557581579e-01
-2.538348261947920986e-02
-2.958717870264053473e-02
-4.150247226568586079e-02
3.018506669142278012e-02
-8.431413405610577172e-02
-1.146602456274855263e-02
-2.236620756999414816e-01
-2.538348296556492203e-02
-2.957509256684688961e-02
-4.208354115180506366e-02
2.871847933918281193e-02
-8.369100504386861594e-02
-1.126668638613479920e-02
-2.225060450902107967e-01
-2.539658677174466694e-02
-2.957845864609817341e-02
-4.298398309966711128e-02
3.018872328243801459e-02
-7.903282172529030314e-02
-9.921606758874983167e-03
-2.213213264604242114e-01
-2.539658650552403460e-02
-2.958652046532691399e-02
-4.434784388250188197e-02
3.051411241356341564e-02
-7.395008197612702727e-02
-8.683771427381584834e-03
-2.214036295690171852e-01
-2.539658639340383953e-02
-2.954344190372900497e-02
-4.652591625963486272e-02
3.035403648582208139e-02
-6.575729679616984513e-02
-6.557945379115436013e-03
2.394102469955237261e-02
-3.079254762333101803e-01
-8.297791254214550993e-02
-3.012752177201948878e-01
-2.034085140808027450e-02
-7.119199385159039051e-02
-2.181205696312554787e-01
-2.152458158288392265e-01
7.297432171464449113e-02
-4.065594243362679466e-02
3.216219913364708888e-02
-7.243978499489493739e-02
-7.235072818303655250e-03
-2.190805780555890037e-01
-2.539807875230951084e-02
-2.957906556960231137e-02
-4.077767116466751718e-02
2.996113436348742110e-02
-7.869242086100931843e-02
-9.390731964474305360e-03
-2.209247966870643842e-01
-2.539868333502029105e-02
-2.954843656611122471e-02
-4.106085402225480296e-02
3.046728400368271805e-02
-8.306521029940952539e-02
-1.093340445272281483e-02
-2.223739751557581579e-01
-2.538348261947920986e-02
-2.958717870264053473e-02
-4.150247226568586079e-02
3.018506669142278012e-02
-8.431413405610577172e-02
-1.146602456274855263e-02
-2.236620756999414816e-01
-2.538348296556492203e-02
-2.957509256684688961e-02
-4.208354115180506366e-02
2.871847933918281193e-02
-8.369100504386861594e-02
-1.126668638613479920e-02
-2.225060450902107967e-01
-2.539658677174466694e-02
-2.957845864609817341e-02
-4.298398309966711128e-02
3.018872328243801459e-02
-7.903282172529030314e-02
-9.921606758874983167e-03
-2.213213264604242114e-01
-2.539658650552403460e-02
-2.958652046532691399e-02
-4.434784388250188197e-02
3.051411241356341564e-02
-7.395008197612702727e-02
-8.683771427381584834e-03
-2.214036295690171852e-01
-2.539658639340383953e-02
-2.954344190372900497e-02
-4.652591625963486272e-02
3.035403648582208139e-02
-6.575729679616984513e-02
-6.557945379115436013e-03
2.394102469955237261e-02
-3.079254762333101803e-01
-8.297791254214550993e-02
-3.012752177201948878e-01
-2.034085140808027450e-02
-7.376340005749540407e-02
-2.181205696312554787e-01
-2.152458158288392265e-01
7.297432171464449113e-02
-4.065594243362679466e-02
3.216219913364708888e-02
-7.243978499489493739e-02
-7.235072818303655250e-03
-2.190805780555890037e-01
-2.539807875230951084e-02
-2.957906556960231137e-02
-4.077767116466751718e-02
2.996113436348742110e-02
-7.869242086100931843e-02
-9.390731964474305360e-03
-2.209247966870643842e-01
-2.539868333502029105e-02
-2.954843656611122471e-02
-4.106085402225480296e-02
3.046728400368271805e-02
-8.306521029940952539e-02
-1.093340445272281483e-02
-2.223739751557581579e-01
-2.538348261947920986e-02
-2.958717870264053473e-02
-4.150247226568586079e-02
3.018506669142278012e-02
-8.431413405610577172e-02
-1.146602456274855263e-02
-2.236620756999414816e-01
-2.538348296556492203e-02
-2.957509256684688961e-02
-4.208354115180506366e-02
2.871847933918281193e-02
-8.369100504386861594e-02
-1.126668638613479920e-02
-2.225060450902107967e-01
-2.539658677174466694e-02
-2.957845864609817341e-02
-4.298398309966711128e-02
3.018872328243801459e-02
-7.903282172529030314e-02
-9.921606758874983167e-03
-2.213213264604242114e-01
-2.539658650552403460e-02
-2.958652046532691399e-02
-4.434784388250188197e-02
3.051411241356341564e-02
-7.395008197612702727e-02
-8.683771427381584834e-03
-2.214036295690171852e-01
-2.539658639340383953e-02
-2.954344190372900497e-02
-4.652591625963486272e-02
3.035403648582208139e-02
-6.575729679616984513e-02
-6.557945379115436013e-03
2.394102469955237261e-02
-3.079254762333101803e-01
-8.297791254214550993e-02
-3.012752177201948878e-01
-2.034085140808027450e-02
-7.533182703615910747e-02
-2.181205696312554787e-01
-2.152458158288392265e-01
7.297432171464449113e-02
-4.065594243362679466e-02
3.216219913364708888e-02
-7.243978499489493739e-02
-7.235072818303655250e-03
-2.190805780555890037e-01
-2.539807875230951084e-02
-2.957906556960231137e-02
-4.077767116466751718e-02
2.996113436348742110e-02
-7.869242086100931843e-02
-9.390731964474305360e-03
-2.209247966870643842e-01
-2.539868333502029105e-02
-2.954843656611122471e-02
-4.106085402225480296e-02
3.046728400368271805e-02
-8.306521029940952539e-02
-1.093340445272281483e-02
-2.223739751557581579e-01
-2.538348261947920986e-02
-2.958717870264053473e-02
-4.150247226568586079e-02
3.018506669142278012e-02
-8.431413405610577172e-02
-1.146602456274855263e-02
-2.236620756999414816e-01
-2.538348296556492203e-02
-2.957509256684688961e-02
-4.208354115180506366e-02
2.871847933918281193e-02
-8.369100504386861594e-02
-1.126668638613479920e-02
-2.225060450902107967e-01
-2.539658677174466694e-02
-2.957845864609817341e-02
-4.298398309966711128e-02
3.018872328243801459e-02
-7.903282172529030314e-02
-9.921606758874983167e-03
-2.213213264604242114e-01
-2.539658650552403460e-02
-2.958652046532691399e-02
-4.434784388250188197e-02
3.051411241356341564e-02
-7.395008197612702727e-02
-8.683771427381584834e-03
-2.214036295690171852e-01
-2.539658639340383953e-02
-2.954344190372900497e-02
-4.652591625963486272e-02
3.035403648582208139e-02
-6.575729679616984513e-02
-6.557945379115436013e-03
2.394102469955237261e-02
-3.079254762333101803e-01
-8.297791254214550993e-02
-3.012752177201948878e-01
-2.034085140808027450e-02
-6.902496385482588537e-02
-2.181205696312554787e-01
-2.152458158288392265e-01
7.297432171464449113e-02
-4.065594243362679466e-02
3.216219913364708888e-02
-7.243978499489493739e-02
-7.235072818303655250e-03
-2.190805780555890037e-01
-2.539807875230951084e-02
-2.957906556960231137e-02
-4.077767116466751718e-02
2.996113436348742110e-02
-7.869242086100931843e-02
-9.390731964474305360e-03
-2.209247966870643842e-01
-2.539868333502029105e-02
-2.954843656611122471e-02
-4.106085402225480296e-02
3.046728400368271805e-02
-8.306521029940952539e-02
-1.093340445272281483e-02
-2.223739751557581579e-01
-2.538348261947920986e-02
-2.958717870264053473e-02
-4.150247226568586079e-02
3.018506669142278012e-02
-8.431413405610577172e-02
-1.146602456274855263e-02
-2.236620756999414816e-01
-2.538348296556492203e-02
-2.957509256684688961e-02
-4.208354115180506366e-02
2.871847933918281193e-02
-8.369100504386861594e-02
-1.126668638613479920e-02
-2.225060450902107967e-01
-2.539658677174466694e-02
-2.957845864609817341e-02
-4.298398309966711128e-02
3.018872328243801459e-02
-7.903282172529030314e-02
-9.921606758874983167e-03
-2.213213264604242114e-01
-2.539658650552403460e-02
-2.958652046532691399e-02
-4.434784388250188197e-02
3.051411241356341564e-02
-7.395008197612702727e-02
-8.683771427381584834e-03
-2.214036295690171852e-01
-2.539658639340383953e-02
-2.954344190372900497e-02
-4.652591625963486272e-02
3.035403648582208139e-02
-6.575729679616984513e-02
-6.557945379115436013e-03
2.394102469955237261e-02
-3.079254762333101803e-01
-8.297791254214550993e-02
-3.012752177201948878e-01
-2.034085140808027450e-02
-7.337449905658857685e-02
-3.582799033071366046e-01
-2.183440219901063104e-03
