-1.543585639411064192e-01
-1.476950948072183190e-01
1.842078982961825317e-01
-5.218310699487576504e-02
2.554405113115068918e-02
3.354777287271126229e-01
4.858501075069447672e-02
-1.565300088951141477e-01
-2.539806342681041884e-02
-2.914644928781474215e-02
-5.210791524325185387e-02
2.467797124676385928e-02
3.759733153191120447e-01
6.114606687957262199e-02
-1.592938061102006364e-01
-2.539866832989408699e-02
-2.922571169781292347e-02
-5.219624668943885493e-02
1.792967769638964537e-02
4.056523118746219181e-01
7.036001341354665428e-02
-1.613090643464541174e-01
-2.538346802214972928e-02
-2.914009211135695082e-02
-5.242364264025359960e-02
1.484451725121427833e-02
4.210768075245477360e-01
7.486813420519469742e-02
-1.643323741343459543e-01
-2.538346882468158969e-02
-2.909178186216090228e-02
-5.280704234608188385e-02
1.696303076466499499e-02
4.158444546752624316e-01
7.315298976329369374e-02
-1.669106768795495799e-01
-2.539657394936524482e-02
-2.910298900095626903e-02
-5.350576633431167878e-02
1.126823344687292484e-02
4.082951630721967651e-01
7.171905973280473523e-02
-1.684342473111371530e-01
-2.539657429263686775e-02
-2.910808786187428152e-02
-5.477238991401418150e-02
8.634517696126041766e-03
3.866468372389223473e-01
6.357564382201270903e-02
-1.710079991273964206e-01
-2.539657478208632788e-02
-2.916848554235992874e-02
-5.693292847340647445e-02
7.247634733783284329e-03
3.274547529755000852e-01
4.647213299374955420e-02
2.407900054821212471e-02
-1.961087110879139450e-01
-8.150120147505844626e-02
-1.902216463295755000e-01
-2.032886780391741921e-02
2.792303666033996712e-01
-1.543585639411064192e-01
-1.476950948072183190e-01
1.842078982961825317e-01
-5.218310699487576504e-02
2.554405113115068918e-02
3.354777287271126229e-01
4.858501075069447672e-02
-1.565300088951141477e-01
-2.539806342681041884e-02
-2.914644928781474215e-02
-5.210791524325185387e-02
2.467797124676385928e-02
3.759733153191120447e-01
6.114606687957262199e-02
-1.592938061102006364e-01
-2.539866832989408699e-02
-2.922571169781292347e-02
-5.219624668943885493e-02
1.792967769638964537e-02
4.056523118746219181e-01
7.036001341354665428e-02
-1.613090643464541174e-01
-2.538346802214972928e-02
-2.914009211135695082e-02
-5.242364264025359960e-02
1.484451725121427833e-02
4.210768075245477360e-01
7.486813420519469742e-02
-1.643323741343459543e-01
-2.538346882468158969e-02
-2.909178186216090228e-02
-5.280704234608188385e-02
1.696303076466499499e-02
4.158444546752624316e-01
7.315298976329369374e-02
-1.669106768795495799e-01
-2.539657394936524482e-02
-2.910298900095626903e-02
-5.350576633431167878e-02
1.126823344687292484e-02
4.082951630721967651e-01
7.171905973280473523e-02
-1.684342473111371530e-01
-2.539657429263686775e-02
-2.910808786187428152e-02
-5.477238991401418150e-02
8.634517696126041766e-03
3.866468372389223473e-01
6.357564382201270903e-02
-1.710079991273964206e-01
-2.539657478208632788e-02
-2.916848554235992874e-02
-5.693292847340647445e-02
7.247634733783284329e-03
3.274547529755000852e-01
4.647213299374955420e-02
2.407900054821212471e-02
-1.961087110879139450e-01
-8.150120147505844626e-02
-1.902216463295755000e-01
-2.032886780391741921e-02
2.781851589947509917e-01
-1.543585639411064192e-01
-1.476950948072183190e-01
1.842078982961825317e-01
-5.218310699487576504e-02
2.554405113115068918e-02
3.354777287271126229e-01
4.858501075069447672e-02
-1.565300088951141477e-01
-2.539806342681041884e-02
-2.914644928781474215e-02
-5.210791524325185387e-02
2.467797124676385928e-02
3.759733153191120447e-01
6.114606687957262199e-02
-1.592938061102006364e-01
-2.539866832989408699e-02
-2.922571169781292347e-02
-5.219624668943885493e-02
1.792967769638964537e-02
4.056523118746219181e-01
7.036001341354665428e-02
-1.613090643464541174e-01
-2.538346802214972928e-02
-2.914009211135695082e-02
-5.242364264025359960e-02
1.484451725121427833e-02
4.210768075245477360e-01
7.486813420519469742e-02
-1.643323741343459543e-01
-2.538346882468158969e-02
-2.909178186216090228e-02
-5.280704234608188385e-02
1.696303076466499499e-02
4.158444546752624316e-01
7.315298976329369374e-02
-1.669106768795495799e-01
-2.539657394936524482e-02
-2.910298900095626903e-02
-5.350576633431167878e-02
1.126823344687292484e-02
4.082951630721967651e-01
7.171905973280473523e-02
-1.684342473111371530e-01
-2.539657429263686775e-02
-2.910808786187428152e-02
-5.477238991401418150e-02
8.634517696126041766e-03
3.866468372389223473e-01
6.357564382201270903e-02
-1.710079991273964206e-01
-2.539657478208632788e-02
-2.916848554235992874e-02
-5.693292847340647445e-02
7.247634733783284329e-03
3.274547529755000852e-01
4.647213299374955420e-02
2.407900054821212471e-02
-1.961087110879139450e-01
-8.150120147505844626e-02
-1.902216463295755000e-01
-2.032886780391741921e-02
2.589864462357220898e-01
-1.543585639411064192e-01
-1.476950948072183190e-01
1.842078982961825317e-01
-5.218310699487576504e-02
2.554405113115068918e-02
3.354777287271126229e-01
4.858501075069447672e-02
-1.565300088951141477e-01
-2.539806342681041884e-02
-2.914644928781474215e-02
-5.210791524325185387e-02
2.467797124676385928e-02
3.759733153191120447e-01
6.114606687957262199e-02
-1.592938061102006364e-01
-2.539866832989408699e-02
-2.922571169781292347e-02
-5.219624668943885493e-02
1.792967769638964537e-02
4.056523118746219181e-01
7.036001341354665428e-02
-1.613090643464541174e-01
-2.538346802214972928e-02
-2.914009211135695082e-02
-5.242364264025359960e-02
1.484451725121427833e-02
4.210768075245477360e-01
7.486813420519469742e-02
-1.643323741343459543e-01
-2.538346882468158969e-02
-2.909178186216090228e-02
-5.280704234608188385e-02
1.696303076466499499e-02
4.158444546752624316e-01
7.315298976329369374e-02
-1.669106768795495799e-01
-2.539657394936524482e-02
-2.910298900095626903e-02
-5.350576633431167878e-02
1.126823344687292484e-02
4.082951630721967651e-01
7.171905973280473523e-02
-1.684342473111371530e-01
-2.539657429263686775e-02
-2.910808786187428152e-02
-5.477238991401418150e-02
8.634517696126041766e-03
3.866468372389223473e-01
6.357564382201270903e-02
-1.710079991273964206e-01
-2.539657478208632788e-02
-2.916848554235992874e-02
-5.693292847340647445e-02
7.247634733783284329e-03
3.274547529755000852e-01
4.647213299374955420e-02
2.407900054821212471e-02
-1.961087110879139450e-01
-8.150120147505844626e-02
-1.902216463295755000e-01
-2.032886780391741921e-02
2.636126537270609971e-01
-1.543585639411064192e-01
-1.476950948072183190e-01
1.842078982961825317e-01
-5.218310699487576504e-02
2.554405113115068918e-02
3.354777287271126229e-01
4.858501075069447672e-02
-1.565300088951141477e-01
-2.539806342681041884e-02
-2.914644928781474215e-02
-5.210791524325185387e-02
2.467797124676385928e-02
3.759733153191120447e-01
6.114606687957262199e-02
-1.592938061102006364e-01
-2.539866832989408699e-02
-2.922571169781292347e-02
-5.219624668943885493e-02
1.792967769638964537e-02
4.056523118746219181e-01
7.036001341354665428e-02
-1.613090643464541174e-01
-2.538346802214972928e-02
-2.914009211135695082e-02
-5.242364264025359960e-02
1.484451725121427833e-02
4.210768075245477360e-01
7.486813420519469742e-02
-1.643323741343459543e-01
-2.538346882468158969e-02
-2.909178186216090228e-02
-5.280704234608188385e-02
1.696303076466499499e-02
4.158444546752624316e-01
7.315298976329369374e-02
-1.669106768795495799e-01
-2.539657394936524482e-02
-2.910298900095626903e-02
-5.350576633431167878e-02
1.126823344687292484e-02
4.082951630721967651e-01
7.171905973280473523e-02
-1.684342473111371530e-01
-2.539657429263686775e-02
-2.910808786187428152e-02
-5.477238991401418150e-02
8.634517696126041766e-03
3.866468372389223473e-01
6.357564382201270903e-02
-1.710079991273964206e-01
-2.539657478208632788e-02
-2.916848554235992874e-02
-5.693292847340647445e-02
7.247634733783284329e-03
3.274547529755000852e-01
4.647213299374955420e-02
2.407900054821212471e-02
-1.961087110879139450e-01
-8.150120147505844626e-02
-1.902216463295755000e-01
-2.032886780391741921e-02
2.654105103392609410e-01
-1.543585639411064192e-01
-1.476950948072183190e-01
1.842078982961825317e-01
-5.218310699487576504e-02
2.554405113115068918e-02
3.354777287271126229e-01
4.858501075069447672e-02
-1.565300088951141477e-01
-2.539806342681041884e-02
-2.914644928781474215e-02
-5.210791524325185387e-02
2.467797124676385928e-02
3.759733153191120447e-01
6.114606687957262199e-02
-1.592938061102006364e-01
-2.539866832989408699e-02
-2.922571169781292347e-02
-5.219624668943885493e-02
1.792967769638964537e-02
4.056523118746219181e-01
7.036001341354665428e-02
-1.613090643464541174e-01
-2.538346802214972928e-02
-2.914009211135695082e-02
-5.242364264025359960e-02
1.484451725121427833e-02
4.210768075245477360e-01
7.486813420519469742e-02
-1.643323741343459543e-01
-2.538346882468158969e-02
-2.909178186216090228e-02
-5.280704234608188385e-02
1.696303076466499499e-02
4.158444546752624316e-01
7.315298976329369374e-02
-1.669106768795495799e-01
-2.539657394936524482e-02
-2.910298900095626903e-02
-5.350576633431167878e-02
1.126823344687292484e-02
4.082951630721967651e-01
7.171905973280473523e-02
-1.684342473111371530e-01
-2.539657429263686775e-02
-2.910808786187428152e-02
-5.477238991401418150e-02
8.634517696126041766e-03
3.866468372389223473e-01
6.357564382201270903e-02
-1.710079991273964206e-01
-2.539657478208632788e-02
-2.916848554235992874e-02
-5.693292847340647445e-02
7.247634733783284329e-03
3.274547529755000852e-01
4.647213299374955420e-02
2.407900054821212471e-02
-1.961087110879139450e-01
-8.150120147505844626e-02
-1.902216463295755000e-01
-2.032886780391741921e-02
2.714775436665470276e-01
-1.543585639411064192e-01
-1.476950948072183190e-01
1.842078982961825317e-01
-5.218310699487576504e-02
2.554405113115068918e-02
3.354777287271126229e-01
4.858501075069447672e-02
-1.565300088951141477e-01
-2.539806342681041884e-02
-2.914644928781474215e-02
-5.210791524325185387e-02
2.467797124676385928e-02
3.759733153191120447e-01
6.114606687957262199e-02
-1.592938061102006364e-01
-2.539866832989408699e-02
-2.922571169781292347e-02
-5.219624668943885493e-02
1.792967769638964537e-02
4.056523118746219181e-01
7.036001341354665428e-02
-1.613090643464541174e-01
-2.538346802214972928e-02
-2.914009211135695082e-02
-5.242364264025359960e-02
1.484451725121427833e-02
4.210768075245477360e-01
7.486813420519469742e-02
-1.643323741343459543e-01
-2.538346882468158969e-02
-2.909178186216090228e-02
-5.280704234608188385e-02
1.696303076466499499e-02
4.158444546752624316e-01
7.315298976329369374e-02
-1.669106768795495799e-01
-2.539657394936524482e-02
-2.910298900095626903e-02
-5.350576633431167878e-02
1.126823344687292484e-02
4.082951630721967651e-01
7.171905973280473523e-02
-1.684342473111371530e-01
-2.539657429263686775e-02
-2.910808786187428152e-02
-5.477238991401418150e-02
8.634517696126041766e-03
3.866468372389223473e-01
6.357564382201270903e-02
-1.710079991273964206e-01
-2.539657478208632788e-02
-2.916848554235992874e-02
-5.693292847340647445e-02
7.247634733783284329e-03
3.274547529755000852e-01
4.647213299374955420e-02
2.407900054821212471e-02
-1.961087110879139450e-01
-8.150120147505844626e-02
-1.902216463295755000e-01
-2.032886780391741921e-02
2.720835830906648267e-01
-1.543585639411064192e-01
-1.476950948072183190e-01
1.842078982961825317e-01
-5.218310699487576504e-02
2.554405113115068918e-02
3.354777287271126229e-01
4.858501075069447672e-02
-1.565300088951141477e-01
-2.539806342681041884e-02
-2.914644928781474215e-02
-5.210791524325185387e-02
2.467797124676385928e-02
3.759733153191120447e-01
6.114606687957262199e-02
-1.592938061102006364e-01
-2.539866832989408699e-02
-2.922571169781292347e-02
-5.219624668943885493e-02
1.792967769638964537e-02
4.056523118746219181e-01
7.036001341354665428e-02
-1.613090643464541174e-01
-2.538346802214972928e-02
-2.914009211135695082e-02
-5.242364264025359960e-02
1.484451725121427833e-02
4.210768075245477360e-01
7.486813420519469742e-02
-1.643323741343459543e-01
-2.538346882468158969e-02
-2.909178186216090228e-02
-5.280704234608188385e-02
1.696303076466499499e-02
4.158444546752624316e-01
7.315298976329369374e-02
-1.669106768795495799e-01
-2.539657394936524482e-02
-2.910298900095626903e-02
-5.350576633431167878e-02
1.126823344687292484e-02
4.082951630721967651e-01
7.171905973280473523e-02
-1.684342473111371530e-01
-2.539657429263686775e-02
-2.910808786187428152e-02
-5.477238991401418150e-02
8.634517696126041766e-03
3.866468372389223473e-01
6.357564382201270903e-02
-1.710079991273964206e-01
-2.539657478208632788e-02
-2.916848554235992874e-02
-5.693292847340647445e-02
7.247634733783284329e-03
3.274547529755000852e-01
4.647213299374955420e-02
2.407900054821212471e-02
-1.961087110879139450e-01
-8.150120147505844626e-02
-1.902216463295755000e-01
-2.032886780391741921e-02
2.701578170073013485e-01
-1.543585639411064192e-01
-1.476950948072183190e-01
1.842078982961825317e-01
-5.218310699487576504e-02
2.554405113115068918e-02
3.354777287271126229e-01
4.858501075069447672e-02
-1.565300088951141477e-01
-2.539806342681041884e-02
-2.914644928781474215e-02
-5.210791524325185387e-02
2.467797124676385928e-02
3.759733153191120447e-01
6.114606687957262199e-02
-1.592938061102006364e-01
-2.539866832989408699e-02
-2.922571169781292347e-02
-5.219624668943885493e-02
1.792967769638964537e-02
4.056523118746219181e-01
7.036001341354665428e-02
-1.613090643464541174e-01
-2.538346802214972928e-02
-2.914009211135695082e-02
-5.242364264025359960e-02
1.484451725121427833e-02
4.210768075245477360e-01
7.486813420519469742e-02
-1.643323741343459543e-01
-2.538346882468158969e-02
-2.909178186216090228e-02
-5.280704234608188385e-02
1.696303076466499499e-02
4.158444546752624316e-01
7.315298976329369374e-02
-1.669106768795495799e-01
-2.539657394936524482e-02
-2.910298900095626903e-02
-5.350576633431167878e-02
1.126823344687292484e-02
4.082951630721967651e-01
7.171905973280473523e-02
-1.684342473111371530e-01
-2.539657429263686775e-02
-2.910808786187428152e-02
-5.477238991401418150e-02
8.634517696126041766e-03
3.866468372389223473e-01
6.357564382201270903e-02
-1.710079991273964206e-01
-2.539657478208632788e-02
-2.916848554235992874e-02
-5.693292847340647445e-02
7.247634733783284329e-03
3.274547529755000852e-01
4.647213299374955420e-02
2.407900054821212471e-02
-1.961087110879139450e-01
-8.150120147505844626e-02
-1.902216463295755000e-01
-2.032886780391741921e-02
2.818150576107146810e-01
-1.543585639411064192e-01
-1.476950948072183190e-01
1.842078982961825317e-01
-5.218310699487576504e-02
2.554405113115068918e-02
3.354777287271126229e-01
4.858501075069447672e-02
-1.565300088951141477e-01
-2.539806342681041884e-02
-2.914644928781474215e-02
-5.210791524325185387e-02
2.467797124676385928e-02
3.759733153191120447e-01
6.114606687957262199e-02
-1.592938061102006364e-01
-2.539866832989408699e-02
-2.922571169781292347e-02
-5.219624668943885493e-02
1.792967769638964537e-02
4.056523118746219181e-01
7.036001341354665428e-02
-1.613090643464541174e-01
-2.538346802214972928e-02
-2.914009211135695082e-02
-5.242364264025359960e-02
1.484451725121427833e-02
4.210768075245477360e-01
7.486813420519469742e-02
-1.643323741343459543e-01
-2.538346882468158969e-02
-2.909178186216090228e-02
-5.280704234608188385e-02
1.696303076466499499e-02
4.158444546752624316e-01
7.315298976329369374e-02
-1.669106768795495799e-01
-2.539657394936524482e-02
-2.910298900095626903e-02
-5.350576633431167878e-02
1.126823344687292484e-02
4.082951630721967651e-01
7.171905973280473523e-02
-1.684342473111371530e-01
-2.539657429263686775e-02
-2.910808786187428152e-02
-5.477238991401418150e-02
8.634517696126041766e-03
3.866468372389223473e-01
6.357564382201270903e-02
-1.710079991273964206e-01
-2.539657478208632788e-02
-2.916848554235992874e-02
-5.693292847340647445e-02
7.247634733783284329e-03
3.274547529755000852e-01
4.647213299374955420e-02
2.407900054821212471e-02
-1.961087110879139450e-01
-8.150120147505844626e-02
-1.902216463295755000e-01
-2.032886780391741921e-02
2.945903946509978999e-01
-3.045200142276972485e-02
3.075026562110121930e-01
