-3.748293162080812424e-01
-3.580736308494021913e-01
-1.163158764621531477e-01
5.789593987505547545e+00
1.610946025521990732e+00
-2.770299779103204130e-01
9.472416850691720569e-01
-3.778929251049409355e-01
3.250056436013279426e-01
5.488767151178567394e-01
6.067732666550406329e+00
1.586104414310897770e+00
-2.765545760320915480e-01
9.448471524916748354e-01
-3.809415094120983114e-01
3.254543993659200773e-01
5.488720034222652755e-01
6.388949590409618295e+00
1.582640211779115180e+00
-2.761801333780393719e-01
9.426686358325593318e-01
-3.840326615786903708e-01
3.249207889778845115e-01
5.488702139632072319e-01
6.768490110090088052e+00
1.565341326635251384e+00
-2.760904837508318388e-01
9.405337673150645506e-01
-3.855699452291012630e-01
3.249207955462757869e-01
5.488627968332100426e-01
6.566048239583255786e+00
1.468410932170221006e+00
-2.824413756110549789e-01
9.117574802696788439e-01
-3.860851172479130566e-01
3.254184124818422230e-01
5.488638949794480970e-01
6.145226685678977674e+00
1.345403551365604855e+00
-2.685268247592313973e-01
9.217689782840955415e-01
-3.855480422892277881e-01
3.254184192038564460e-01
5.489663575522454320e-01
5.418291904780469181e+00
1.159908367677508823e+00
-2.453906861304467057e-01
9.372730531295949685e-01
-3.847402689976616164e-01
3.254184260533361517e-01
5.490119847301254685e-01
4.556445233632868685e+00
9.756169129699147069e-01
-2.221968838339191399e-01
9.588934614131696677e-01
-5.532535853230773348e-01
-1.396858969478301515e-01
-1.045201795718195409e-01
-1.995647455151417227e-01
2.048052598588656181e+00
-1.026980776157448150e-01
-3.748293162080812424e-01
-3.580736308494021913e-01
-1.163158764621531477e-01
5.789593987505547545e+00
1.610946025521990732e+00
-2.770299779103204130e-01
9.472416850691720569e-01
-3.778929251049409355e-01
3.250056436013279426e-01
5.488767151178567394e-01
6.067732666550406329e+00
1.586104414310897770e+00
-2.765545760320915480e-01
9.448471524916748354e-01
-3.809415094120983114e-01
3.254543993659200773e-01
5.488720034222652755e-01
6.388949590409618295e+00
1.582640211779115180e+00
-2.761801333780393719e-01
9.426686358325593318e-01
-3.840326615786903708e-01
3.249207889778845115e-01
5.488702139632072319e-01
6.768490110090088052e+00
1.565341326635251384e+00
-2.760904837508318388e-01
9.405337673150645506e-01
-3.855699452291012630e-01
3.249207955462757869e-01
5.488627968332100426e-01
6.566048239583255786e+00
1.468410932170221006e+00
-2.824413756110549789e-01
9.117574802696788439e-01
-3.860851172479130566e-01
3.254184124818422230e-01
5.488638949794480970e-01
6.145226685678977674e+00
1.345403551365604855e+00
-2.685268247592313973e-01
9.217689782840955415e-01
-3.855480422892277881e-01
3.254184192038564460e-01
5.489663575522454320e-01
5.418291904780469181e+00
1.159908367677508823e+00
-2.453906861304467057e-01
9.372730531295949685e-01
-3.847402689976616164e-01
3.254184260533361517e-01
5.490119847301254685e-01
4.556445233632868685e+00
9.756169129699147069e-01
-2.221968838339191399e-01
9.588934614131696677e-01
-5.532535853230773348e-01
-1.396858969478301515e-01
-1.045201795718195409e-01
-1.995647455151417227e-01
2.048052598588656181e+00
-1.051691400679524713e-01
-3.748293162080812424e-01
-3.580736308494021913e-01
-1.163158764621531477e-01
5.789593987505547545e+00
1.610946025521990732e+00
-2.770299779103204130e-01
9.472416850691720569e-01
-3.778929251049409355e-01
3.250056436013279426e-01
5.488767151178567394e-01
6.067732666550406329e+00
1.586104414310897770e+00
-2.765545760320915480e-01
9.448471524916748354e-01
-3.809415094120983114e-01
3.254543993659200773e-01
5.488720034222652755e-01
6.388949590409618295e+00
1.582640211779115180e+00
-2.761801333780393719e-01
9.426686358325593318e-01
-3.840326615786903708e-01
3.249207889778845115e-01
5.488702139632072319e-01
6.768490110090088052e+00
1.565341326635251384e+00
-2.760904837508318388e-01
9.405337673150645506e-01
-3.855699452291012630e-01
3.249207955462757869e-01
5.488627968332100426e-01
6.566048239583255786e+00
1.468410932170221006e+00
-2.824413756110549789e-01
9.117574802696788439e-01
-3.860851172479130566e-01
3.254184124818422230e-01
5.488638949794480970e-01
6.145226685678977674e+00
1.345403551365604855e+00
-2.685268247592313973e-01
9.217689782840955415e-01
-3.855480422892277881e-01
3.254184192038564460e-01
5.489663575522454320e-01
5.418291904780469181e+00
1.159908367677508823e+00
-2.453906861304467057e-01
9.372730531295949685e-01
-3.847402689976616164e-01
3.254184260533361517e-01
5.490119847301254685e-01
4.556445233632868685e+00
9.756169129699147069e-01
-2.221968838339191399e-01
9.588934614131696677e-01
-5.532535853230773348e-01
-1.396858969478301515e-01
-1.045201795718195409e-01
-1.995647455151417227e-01
2.048052598588656181e+00
-1.242250626724839824e-01
-3.748293162080812424e-01
-3.580736308494021913e-01
-1.163158764621531477e-01
5.789593987505547545e+00
1.610946025521990732e+00
-2.770299779103204130e-01
9.472416850691720569e-01
-3.778929251049409355e-01
3.250056436013279426e-01
5.488767151178567394e-01
6.067732666550406329e+00
1.586104414310897770e+00
-2.765545760320915480e-01
9.448471524916748354e-01
-3.809415094120983114e-01
3.254543993659200773e-01
5.488720034222652755e-01
6.388949590409618295e+00
1.582640211779115180e+00
-2.761801333780393719e-01
9.426686358325593318e-01
-3.840326615786903708e-01
3.249207889778845115e-01
5.488702139632072319e-01
6.768490110090088052e+00
1.565341326635251384e+00
-2.760904837508318388e-01
9.405337673150645506e-01
-3.855699452291012630e-01
3.249207955462757869e-01
5.488627968332100426e-01
6.566048239583255786e+00
1.468410932170221006e+00
-2.824413756110549789e-01
9.117574802696788439e-01
-3.860851172479130566e-01
3.254184124818422230e-01
5.488638949794480970e-01
6.145226685678977674e+00
1.345403551365604855e+00
-2.685268247592313973e-01
9.217689782840955415e-01
-3.855480422892277881e-01
3.254184192038564460e-01
5.489663575522454320e-01
5.418291904780469181e+00
1.159908367677508823e+00
-2.453906861304467057e-01
9.372730531295949685e-01
-3.847402689976616164e-01
3.254184260533361517e-01
5.490119847301254685e-01
4.556445233632868685e+00
9.756169129699147069e-01
-2.221968838339191399e-01
9.588934614131696677e-01
-5.532535853230773348e-01
-1.396858969478301515e-01
-1.045201795718195409e-01
-1.995647455151417227e-01
2.048052598588656181e+00
-1.205344347127267901e-01
-3.748293162080812424e-01
-3.580736308494021913e-01
-1.163158764621531477e-01
5.789593987505547545e+00
1.610946025521990732e+00
-2.770299779103204130e-01
9.472416850691720569e-01
-3.778929251049409355e-01
3.250056436013279426e-01
5.488767151178567394e-01
6.067732666550406329e+00
1.586104414310897770e+00
-2.765545760320915480e-01
9.448471524916748354e-01
-3.809415094120983114e-01
3.254543993659200773e-01
5.488720034222652755e-01
6.388949590409618295e+00
1.582640211779115180e+00
-2.761801333780393719e-01
9.426686358325593318e-01
-3.840326615786903708e-01
3.249207889778845115e-01
5.488702139632072319e-01
6.768490110090088052e+00
1.565341326635251384e+00
-2.760904837508318388e-01
9.405337673150645506e-01
-3.855699452291012630e-01
3.249207955462757869e-01
5.488627968332100426e-01
6.566048239583255786e+00
1.468410932170221006e+00
-2.824413756110549789e-01
9.117574802696788439e-01
-3.860851172479130566e-01
3.254184124818422230e-01
5.488638949794480970e-01
6.145226685678977674e+00
1.345403551365604855e+00
-2.685268247592313973e-01
9.217689782840955415e-01
-3.855480422892277881e-01
3.254184192038564460e-01
5.489663575522454320e-01
5.418291904780469181e+00
1.159908367677508823e+00
-2.453906861304467057e-01
9.372730531295949685e-01
-3.847402689976616164e-01
3.254184260533361517e-01
5.490119847301254685e-01
4.556445233632868685e+00
9.756169129699147069e-01
-2.221968838339191399e-01
9.588934614131696677e-01
-5.532535853230773348e-01
-1.396858969478301515e-01
-1.045201795718195409e-01
-1.995647455151417227e-01
2.048052598588656181e+00
-1.268217911989296121e-01
-3.748293162080812424e-01
-3.580736308494021913e-01
-1.163158764621531477e-01
5.789593987505547545e+00
1.610946025521990732e+00
-2.770299779103204130e-01
9.472416850691720569e-01
-3.778929251049409355e-01
3.250056436013279426e-01
5.488767151178567394e-01
6.067732666550406329e+00
1.586104414310897770e+00
-2.765545760320915480e-01
9.448471524916748354e-01
-3.809415094120983114e-01
3.254543993659200773e-01
5.488720034222652755e-01
6.388949590409618295e+00
1.582640211779115180e+00
-2.761801333780393719e-01
9.426686358325593318e-01
-3.840326615786903708e-01
3.249207889778845115e-01
5.488702139632072319e-01
6.768490110090088052e+00
1.565341326635251384e+00
-2.760904837508318388e-01
9.405337673150645506e-01
-3.855699452291012630e-01
3.249207955462757869e-01
5.488627968332100426e-01
6.566048239583255786e+00
1.468410932170221006e+00
-2.824413756110549789e-01
9.117574802696788439e-01
-3.860851172479130566e-01
3.254184124818422230e-01
5.488638949794480970e-01
6.145226685678977674e+00
1.345403551365604855e+00
-2.685268247592313973e-01
9.217689782840955415e-01
-3.855480422892277881e-01
3.254184192038564460e-01
5.489663575522454320e-01
5.418291904780469181e+00
1.159908367677508823e+00
-2.453906861304467057e-01
9.372730531295949685e-01
-3.847402689976616164e-01
3.254184260533361517e-01
5.490119847301254685e-01
4.556445233632868685e+00
9.756169129699147069e-01
-2.221968838339191399e-01
9.588934614131696677e-01
-5.532535853230773348e-01
-1.396858969478301515e-01
-1.045201795718195409e-01
-1.995647455151417227e-01
2.048052598588656181e+00
-1.282472791637744303e-01
-3.748293162080812424e-01
-3.580736308494021913e-01
-1.163158764621531477e-01
5.789593987505547545e+00
1.610946025521990732e+00
-2.770299779103204130e-01
9.472416850691720569e-01
-3.778929251049409355e-01
3.250056436013279426e-01
5.488767151178567394e-01
6.067732666550406329e+00
1.586104414310897770e+00
-2.765545760320915480e-01
9.448471524916748354e-01
-3.809415094120983114e-01
3.254543993659200773e-01
5.488720034222652755e-01
6.388949590409618295e+00
1.582640211779115180e+00
-2.761801333780393719e-01
9.426686358325593318e-01
-3.840326615786903708e-01
3.249207889778845115e-01
5.488702139632072319e-01
6.768490110090088052e+00
1.565341326635251384e+00
-2.760904837508318388e-01
9.405337673150645506e-01
-3.855699452291012630e-01
3.249207955462757869e-01
5.488627968332100426e-01
6.566048239583255786e+00
1.468410932170221006e+00
-2.824413756110549789e-01
9.117574802696788439e-01
-3.860851172479130566e-01
3.254184124818422230e-01
5.488638949794480970e-01
6.145226685678977674e+00
1.345403551365604855e+00
-2.685268247592313973e-01
9.217689782840955415e-01
-3.855480422892277881e-01
3.254184192038564460e-01
5.489663575522454320e-01
5.418291904780469181e+00
1.159908367677508823e+00
-2.453906861304467057e-01
9.372730531295949685e-01
-3.847402689976616164e-01
3.254184260533361517e-01
5.490119847301254685e-01
4.556445233632868685e+00
9.756169129699147069e-01
-2.221968838339191399e-01
9.588934614131696677e-01
-5.532535853230773348e-01
-1.396858969478301515e-01
-1.045201795718195409e-01
-1.995647455151417227e-01
2.048052598588656181e+00
-1.259460781879197799e-01
-3.748293162080812424e-01
-3.580736308494021913e-01
-1.163158764621531477e-01
5.789593987505547545e+00
1.610946025521990732e+00
-2.770299779103204130e-01
9.472416850691720569e-01
-3.778929251049409355e-01
3.250056436013279426e-01
5.488767151178567394e-01
6.067732666550406329e+00
1.586104414310897770e+00
-2.765545760320915480e-01
9.448471524916748354e-01
-3.809415094120983114e-01
3.254543993659200773e-01
5.488720034222652755e-01
6.388949590409618295e+00
1.582640211779115180e+00
-2.761801333780393719e-01
9.426686358325593318e-01
-3.840326615786903708e-01
3.249207889778845115e-01
5.488702139632072319e-01
6.768490110090088052e+00
1.565341326635251384e+00
-2.760904837508318388e-01
9.405337673150645506e-01
-3.855699452291012630e-01
3.249207955462757869e-01
5.488627968332100426e-01
6.566048239583255786e+00
1.468410932170221006e+00
-2.824413756110549789e-01
9.117574802696788439e-01
-3.860851172479130566e-01
3.254184124818422230e-01
5.488638949794480970e-01
6.145226685678977674e+00
1.345403551365604855e+00
-2.685268247592313973e-01
9.217689782840955415e-01
-3.855480422892277881e-01
3.254184192038564460e-01
5.489663575522454320e-01
5.418291904780469181e+00
1.159908367677508823e+00
-2.453906861304467057e-01
9.372730531295949685e-01
-3.847402689976616164e-01
3.254184260533361517e-01
5.490119847301254685e-01
4.556445233632868685e+00
9.756169129699147069e-01
-2.221968838339191399e-01
9.588934614131696677e-01
-5.532535853230773348e-01
-1.396858969478301515e-01
-1.045201795718195409e-01
-1.995647455151417227e-01
2.048052598588656181e+00
-1.212234607744186454e-01
-3.748293162080812424e-01
-3.580736308494021913e-01
-1.163158764621531477e-01
5.789593987505547545e+00
1.610946025521990732e+00
-2.770299779103204130e-01
9.472416850691720569e-01
-3.778929251049409355e-01
3.250056436013279426e-01
5.488767151178567394e-01
6.067732666550406329e+00
1.586104414310897770e+00
-2.765545760320915480e-01
9.448471524916748354e-01
-3.809415094120983114e-01
3.254543993659200773e-01
5.488720034222652755e-01
6.388949590409618295e+00
1.582640211779115180e+00
-2.761801333780393719e-01
9.426686358325593318e-01
-3.840326615786903708e-01
3.249207889778845115e-01
5.488702139632072319e-01
6.768490110090088052e+00
1.565341326635251384e+00
-2.760904837508318388e-01
9.405337673150645506e-01
-3.855699452291012630e-01
3.249207955462757869e-01
5.488627968332100426e-01
6.566048239583255786e+00
1.468410932170221006e+00
-2.824413756110549789e-01
9.117574802696788439e-01
-3.860851172479130566e-01
3.254184124818422230e-01
5.488638949794480970e-01
6.145226685678977674e+00
1.345403551365604855e+00
-2.685268247592313973e-01
9.217689782840955415e-01
-3.855480422892277881e-01
3.254184192038564460e-01
5.489663575522454320e-01
5.418291904780469181e+00
1.159908367677508823e+00
-2.453906861304467057e-01
9.372730531295949685e-01
-3.847402689976616164e-01
3.254184260533361517e-01
5.490119847301254685e-01
4.556445233632868685e+00
9.756169129699147069e-01
-2.221968838339191399e-01
9.588934614131696677e-01
-5.532535853230773348e-01
-1.396858969478301515e-01
-1.045201795718195409e-01
-1.995647455151417227e-01
2.048052598588656181e+00
-1.280053881748312306e-01
-3.748293162080812424e-01
-3.580736308494021913e-01
-1.163158764621531477e-01
5.789593987505547545e+00
1.610946025521990732e+00
-2.770299779103204130e-01
9.472416850691720569e-01
-3.778929251049409355e-01
3.250056436013279426e-01
5.488767151178567394e-01
6.067732666550406329e+00
1.586104414310897770e+00
-2.765545760320915480e-01
9.448471524916748354e-01
-3.809415094120983114e-01
3.254543993659200773e-01
5.488720034222652755e-01
6.388949590409618295e+00
1.582640211779115180e+00
-2.761801333780393719e-01
9.426686358325593318e-01
-3.840326615786903708e-01
3.249207889778845115e-01
5.488702139632072319e-01
6.768490110090088052e+00
1.565341326635251384e+00
-2.760904837508318388e-01
9.405337673150645506e-01
-3.855699452291012630e-01
3.249207955462757869e-01
5.488627968332100426e-01
6.566048239583255786e+00
1.468410932170221006e+00
-2.824413756110549789e-01
9.117574802696788439e-01
-3.860851172479130566e-01
3.254184124818422230e-01
5.488638949794480970e-01
6.145226685678977674e+00
1.345403551365604855e+00
-2.685268247592313973e-01
9.217689782840955415e-01
-3.855480422892277881e-01
3.254184192038564460e-01
5.489663575522454320e-01
5.418291904780469181e+00
1.159908367677508823e+00
-2.453906861304467057e-01
9.372730531295949685e-01
-3.847402689976616164e-01
3.254184260533361517e-01
5.490119847301254685e-01
4.556445233632868685e+00
9.756169129699147069e-01
-2.221968838339191399e-01
9.588934614131696677e-01
-5.532535853230773348e-01
-1.396858969478301515e-01
-1.045201795718195409e-01
-1.995647455151417227e-01
2.048052598588656181e+00
-1.298388340738867441e-01
-9.248984097879038302e-01
-4.822623013009768589e-01
