4.157396856253821049e-01
4.268454147852313030e-01
-8.668854019833389934e-02
-5.855507413799924260e-02
-1.316237105238309557e-01
-6.114194362559245005e-02
-1.598487458486309853e-01
4.136397021507350891e-01
-2.539792833044961576e-02
-3.010159217109453084e-02
-5.888558319002881736e-02
-1.359287622623081837e-01
-7.471002626937443825e-02
-1.602852651680022888e-01
4.167697660439724228e-01
-2.539853313191669376e-02
-3.016133687847890460e-02
-5.934403165570825006e-02
-1.400583713000378427e-01
-7.797245369376669399e-02
-1.602061036899845303e-01
4.145788898668426592e-01
-2.538333251917872582e-02
-3.009481606541405257e-02
-6.003821580557528598e-02
-1.457385116844378825e-01
-7.838972247123104919e-02
-1.601476859903478434e-01
4.173543855828649174e-01
-2.538333278345715829e-02
-3.017340879422802935e-02
-6.100425000216470883e-02
-1.457228148053005268e-01
-7.984544600145830617e-02
-1.600673863757689219e-01
4.178340378311397596e-01
-2.539643720516587475e-02
-3.016950284253739831e-02
-6.241912670762355536e-02
-1.447809292611617615e-01
-8.460089402669299097e-02
-1.611355970806297166e-01
4.160685770785010340e-01
-2.539643745281701739e-02
-3.015407144761026587e-02
-6.457021868210052751e-02
-1.430270338873959324e-01
-8.301462478512983134e-02
-1.603072743543888512e-01
4.155671470620841967e-01
-2.539643803489105220e-02
-3.024833784295594130e-02
-6.792769197935963343e-02
-1.460368599341310136e-01
-6.735462626662522267e-02
-1.590015234261443200e-01
3.825960825798072062e-02
-1.753480809546322239e-01
8.785110638187434984e-02
-1.696027142691244327e-01
-1.895456306239801103e-02
-6.471685152394483775e-02
4.157396856253821049e-01
4.268454147852313030e-01
-8.668854019833389934e-02
-5.855507413799924260e-02
-1.316237105238309557e-01
-6.114194362559245005e-02
-1.598487458486309853e-01
4.136397021507350891e-01
-2.539792833044961576e-02
-3.010159217109453084e-02
-5.888558319002881736e-02
-1.359287622623081837e-01
-7.471002626937443825e-02
-1.602852651680022888e-01
4.167697660439724228e-01
-2.539853313191669376e-02
-3.016133687847890460e-02
-5.934403165570825006e-02
-1.400583713000378427e-01
-7.797245369376669399e-02
-1.602061036899845303e-01
4.145788898668426592e-01
-2.538333251917872582e-02
-3.009481606541405257e-02
-6.003821580557528598e-02
-1.457385116844378825e-01
-7.838972247123104919e-02
-1.601476859903478434e-01
4.173543855828649174e-01
-2.538333278345715829e-02
-3.017340879422802935e-02
-6.100425000216470883e-02
-1.457228148053005268e-01
-7.984544600145830617e-02
-1.600673863757689219e-01
4.178340378311397596e-01
-2.539643720516587475e-02
-3.016950284253739831e-02
-6.241912670762355536e-02
-1.447809292611617615e-01
-8.460089402669299097e-02
-1.611355970806297166e-01
4.160685770785010340e-01
-2.539643745281701739e-02
-3.015407144761026587e-02
-6.457021868210052751e-02
-1.430270338873959324e-01
-8.301462478512983134e-02
-1.603072743543888512e-01
4.155671470620841967e-01
-2.539643803489105220e-02
-3.024833784295594130e-02
-6.792769197935963343e-02
-1.460368599341310136e-01
-6.735462626662522267e-02
-1.590015234261443200e-01
3.825960825798072062e-02
-1.753480809546322239e-01
8.785110638187434984e-02
-1.696027142691244327e-01
-1.895456306239801103e-02
-6.869918829693699713e-02
4.157396856253821049e-01
4.268454147852313030e-01
-8.668854019833389934e-02
-5.855507413799924260e-02
-1.316237105238309557e-01
-6.114194362559245005e-02
-1.598487458486309853e-01
4.136397021507350891e-01
-2.539792833044961576e-02
-3.010159217109453084e-02
-5.888558319002881736e-02
-1.359287622623081837e-01
-7.471002626937443825e-02
-1.602852651680022888e-01
4.167697660439724228e-01
-2.539853313191669376e-02
-3.016133687847890460e-02
-5.934403165570825006e-02
-1.400583713000378427e-01
-7.797245369376669399e-02
-1.602061036899845303e-01
4.145788898668426592e-01
-2.538333251917872582e-02
-3.009481606541405257e-02
-6.003821580557528598e-02
-1.457385116844378825e-01
-7.838972247123104919e-02
-1.601476859903478434e-01
4.173543855828649174e-01
-2.538333278345715829e-02
-3.017340879422802935e-02
-6.100425000216470883e-02
-1.457228148053005268e-01
-7.984544600145830617e-02
-1.600673863757689219e-01
4.178340378311397596e-01
-2.539643720516587475e-02
-3.016950284253739831e-02
-6.241912670762355536e-02
-1.447809292611617615e-01
-8.460089402669299097e-02
-1.611355970806297166e-01
4.160685770785010340e-01
-2.539643745281701739e-02
-3.015407144761026587e-02
-6.457021868210052751e-02
-1.430270338873959324e-01
-8.301462478512983134e-02
-1.603072743543888512e-01
4.155671470620841967e-01
-2.539643803489105220e-02
-3.024833784295594130e-02
-6.792769197935963343e-02
-1.460368599341310136e-01
-6.735462626662522267e-02
-1.590015234261443200e-01
3.825960825798072062e-02
-1.753480809546322239e-01
8.785110638187434984e-02
-1.696027142691244327e-01
-1.895456306239801103e-02
-6.735514236755833772e-02
4.157396856253821049e-01
4.268454147852313030e-01
-8.668854019833389934e-02
-5.855507413799924260e-02
-1.316237105238309557e-01
-6.114194362559245005e-02
-1.598487458486309853e-01
4.136397021507350891e-01
-2.539792833044961576e-02
-3.010159217109453084e-02
-5.888558319002881736e-02
-1.359287622623081837e-01
-7.471002626937443825e-02
-1.602852651680022888e-01
4.167697660439724228e-01
-2.539853313191669376e-02
-3.016133687847890460e-02
-5.934403165570825006e-02
-1.400583713000378427e-01
-7.797245369376669399e-02
-1.602061036899845303e-01
4.145788898668426592e-01
-2.538333251917872582e-02
-3.009481606541405257e-02
-6.003821580557528598e-02
-1.457385116844378825e-01
-7.838972247123104919e-02
-1.601476859903478434e-01
4.173543855828649174e-01
-2.538333278345715829e-02
-3.017340879422802935e-02
-6.100425000216470883e-02
-1.457228148053005268e-01
-7.984544600145830617e-02
-1.600673863757689219e-01
4.178340378311397596e-01
-2.539643720516587475e-02
-3.016950284253739831e-02
-6.241912670762355536e-02
-1.447809292611617615e-01
-8.460089402669299097e-02
-1.611355970806297166e-01
4.160685770785010340e-01
-2.539643745281701739e-02
-3.015407144761026587e-02
-6.457021868210052751e-02
-1.430270338873959324e-01
-8.301462478512983134e-02
-1.603072743543888512e-01
4.155671470620841967e-01
-2.539643803489105220e-02
-3.024833784295594130e-02
-6.792769197935963343e-02
-1.460368599341310136e-01
-6.735462626662522267e-02
-1.590015234261443200e-01
3.825960825798072062e-02
-1.753480809546322239e-01
8.785110638187434984e-02
-1.696027142691244327e-01
-1.895456306239801103e-02
-6.649856290799500969e-02
4.157396856253821049e-01
4.268454147852313030e-01
-8.668854019833389934e-02
-5.855507413799924260e-02
-1.316237105238309557e-01
-6.114194362559245005e-02
-1.598487458486309853e-01
4.136397021507350891e-01
-2.539792833044961576e-02
-3.010159217109453084e-02
-5.888558319002881736e-02
-1.359287622623081837e-01
-7.471002626937443825e-02
-1.602852651680022888e-01
4.167697660439724228e-01
-2.539853313191669376e-02
-3.016133687847890460e-02
-5.934403165570825006e-02
-1.400583713000378427e-01
-7.797245369376669399e-02
-1.602061036899845303e-01
4.145788898668426592e-01
-2.538333251917872582e-02
-3.009481606541405257e-02
-6.003821580557528598e-02
-1.457385116844378825e-01
-7.838972247123104919e-02
-1.601476859903478434e-01
4.173543855828649174e-01
-2.538333278345715829e-02
-3.017340879422802935e-02
-6.100425000216470883e-02
-1.457228148053005268e-01
-7.984544600145830617e-02
-1.600673863757689219e-01
4.178340378311397596e-01
-2.539643720516587475e-02
-3.016950284253739831e-02
-6.241912670762355536e-02
-1.447809292611617615e-01
-8.460089402669299097e-02
-1.611355970806297166e-01
4.160685770785010340e-01
-2.539643745281701739e-02
-3.015407144761026587e-02
-6.457021868210052751e-02
-1.430270338873959324e-01
-8.301462478512983134e-02
-1.603072743543888512e-01
4.155671470620841967e-01
-2.539643803489105220e-02
-3.024833784295594130e-02
-6.792769197935963343e-02
-1.460368599341310136e-01
-6.735462626662522267e-02
-1.590015234261443200e-01
3.825960825798072062e-02
-1.753480809546322239e-01
8.785110638187434984e-02
-1.696027142691244327e-01
-1.895456306239801103e-02
-6.927396149872168396e-02
4.157396856253821049e-01
4.268454147852313030e-01
-8.668854019833389934e-02
-5.855507413799924260e-02
-1.316237105238309557e-01
-6.114194362559245005e-02
-1.598487458486309853e-01
4.136397021507350891e-01
-2.539792833044961576e-02
-3.010159217109453084e-02
-5.888558319002881736e-02
-1.359287622623081837e-01
-7.471002626937443825e-02
-1.602852651680022888e-01
4.167697660439724228e-01
-2.539853313191669376e-02
-3.016133687847890460e-02
-5.934403165570825006e-02
-1.400583713000378427e-01
-7.797245369376669399e-02
-1.602061036899845303e-01
4.145788898668426592e-01
-2.538333251917872582e-02
-3.009481606541405257e-02
-6.003821580557528598e-02
-1.457385116844378825e-01
-7.838972247123104919e-02
-1.601476859903478434e-01
4.173543855828649174e-01
-2.538333278345715829e-02
-3.017340879422802935e-02
-6.100425000216470883e-02
-1.457228148053005268e-01
-7.984544600145830617e-02
-1.600673863757689219e-01
4.178340378311397596e-01
-2.539643720516587475e-02
-3.016950284253739831e-02
-6.241912670762355536e-02
-1.447809292611617615e-01
-8.460089402669299097e-02
-1.611355970806297166e-01
4.160685770785010340e-01
-2.539643745281701739e-02
-3.015407144761026587e-02
-6.457021868210052751e-02
-1.430270338873959324e-01
-8.301462478512983134e-02
-1.603072743543888512e-01
4.155671470620841967e-01
-2.539643803489105220e-02
-3.024833784295594130e-02
-6.792769197935963343e-02
-1.460368599341310136e-01
-6.735462626662522267e-02
-1.590015234261443200e-01
3.825960825798072062e-02
-1.753480809546322239e-01
8.785110638187434984e-02
-1.696027142691244327e-01
-1.895456306239801103e-02
-6.873454646732128637e-02
4.157396856253821049e-01
4.268454147852313030e-01
-8.668854019833389934e-02
-5.855507413799924260e-02
-1.316237105238309557e-01
-6.114194362559245005e-02
-1.598487458486309853e-01
4.136397021507350891e-01
-2.539792833044961576e-02
-3.010159217109453084e-02
-5.888558319002881736e-02
-1.359287622623081837e-01
-7.471002626937443825e-02
-1.602852651680022888e-01
4.167697660439724228e-01
-2.539853313191669376e-02
-3.016133687847890460e-02
-5.934403165570825006e-02
-1.400583713000378427e-01
-7.797245369376669399e-02
-1.602061036899845303e-01
4.145788898668426592e-01
-2.538333251917872582e-02
-3.009481606541405257e-02
-6.003821580557528598e-02
-1.457385116844378825e-01
-7.838972247123104919e-02
-1.601476859903478434e-01
4.173543855828649174e-01
-2.538333278345715829e-02
-3.017340879422802935e-02
-6.100425000216470883e-02
-1.457228148053005268e-01
-7.984544600145830617e-02
-1.600673863757689219e-01
4.178340378311397596e-01
-2.539643720516587475e-02
-3.016950284253739831e-02
-6.241912670762355536e-02
-1.447809292611617615e-01
-8.460089402669299097e-02
-1.611355970806297166e-01
4.160685770785010340e-01
-2.539643745281701739e-02
-3.015407144761026587e-02
-6.457021868210052751e-02
-1.430270338873959324e-01
-8.301462478512983134e-02
-1.603072743543888512e-01
4.155671470620841967e-01
-2.539643803489105220e-02
-3.024833784295594130e-02
-6.792769197935963343e-02
-1.460368599341310136e-01
-6.735462626662522267e-02
-1.590015234261443200e-01
3.825960825798072062e-02
-1.753480809546322239e-01
8.785110638187434984e-02
-1.696027142691244327e-01
-1.895456306239801103e-02
-6.798003176830760830e-02
4.157396856253821049e-01
4.268454147852313030e-01
-8.668854019833389934e-02
-5.855507413799924260e-02
-1.316237105238309557e-01
-6.114194362559245005e-02
-1.598487458486309853e-01
4.136397021507350891e-01
-2.539792833044961576e-02
-3.010159217109453084e-02
-5.888558319002881736e-02
-1.359287622623081837e-01
-7.471002626937443825e-02
-1.602852651680022888e-01
4.167697660439724228e-01
-2.539853313191669376e-02
-3.016133687847890460e-02
-5.934403165570825006e-02
-1.400583713000378427e-01
-7.797245369376669399e-02
-1.602061036899845303e-01
4.145788898668426592e-01
-2.538333251917872582e-02
-3.009481606541405257e-02
-6.003821580557528598e-02
-1.457385116844378825e-01
-7.838972247123104919e-02
-1.601476859903478434e-01
4.173543855828649174e-01
-2.538333278345715829e-02
-3.017340879422802935e-02
-6.100425000216470883e-02
-1.457228148053005268e-01
-7.984544600145830617e-02
-1.600673863757689219e-01
4.178340378311397596e-01
-2.539643720516587475e-02
-3.016950284253739831e-02
-6.241912670762355536e-02
-1.447809292611617615e-01
-8.460089402669299097e-02
-1.611355970806297166e-01
4.160685770785010340e-01
-2.539643745281701739e-02
-3.015407144761026587e-02
-6.457021868210052751e-02
-1.430270338873959324e-01
-8.301462478512983134e-02
-1.603072743543888512e-01
4.155671470620841967e-01
-2.539643803489105220e-02
-3.024833784295594130e-02
-6.792769197935963343e-02
-1.460368599341310136e-01
-6.735462626662522267e-02
-1.590015234261443200e-01
3.825960825798072062e-02
-1.753480809546322239e-01
8.785110638187434984e-02
-1.696027142691244327e-01
-1.895456306239801103e-02
-6.693306359266479322e-02
4.157396856253821049e-01
4.268454147852313030e-01
-8.668854019833389934e-02
-5.855507413799924260e-02
-1.316237105238309557e-01
-6.114194362559245005e-02
-1.598487458486309853e-01
4.136397021507350891e-01
-2.539792833044961576e-02
-3.010159217109453084e-02
-5.888558319002881736e-02
-1.359287622623081837e-01
-7.471002626937443825e-02
-1.602852651680022888e-01
4.167697660439724228e-01
-2.539853313191669376e-02
-3.016133687847890460e-02
-5.934403165570825006e-02
-1.400583713000378427e-01
-7.797245369376669399e-02
-1.602061036899845303e-01
4.145788898668426592e-01
-2.538333251917872582e-02
-3.009481606541405257e-02
-6.003821580557528598e-02
-1.457385116844378825e-01
-7.838972247123104919e-02
-1.601476859903478434e-01
4.173543855828649174e-01
-2.538333278345715829e-02
-3.017340879422802935e-02
-6.100425000216470883e-02
-1.457228148053005268e-01
-7.984544600145830617e-02
-1.600673863757689219e-01
4.178340378311397596e-01
-2.539643720516587475e-02
-3.016950284253739831e-02
-6.241912670762355536e-02
-1.447809292611617615e-01
-8.460089402669299097e-02
-1.611355970806297166e-01
4.160685770785010340e-01
-2.539643745281701739e-02
-3.015407144761026587e-02
-6.457021868210052751e-02
-1.430270338873959324e-01
-8.301462478512983134e-02
-1.603072743543888512e-01
4.155671470620841967e-01
-2.539643803489105220e-02
-3.024833784295594130e-02
-6.792769197935963343e-02
-1.460368599341310136e-01
-6.735462626662522267e-02
-1.590015234261443200e-01
3.825960825798072062e-02
-1.753480809546322239e-01
8.785110638187434984e-02
-1.696027142691244327e-01
-1.895456306239801103e-02
-6.953756626582741074e-02
4.157396856253821049e-01
4.268454147852313030e-01
-8.668854019833389934e-02
-5.855507413799924260e-02
-1.316237105238309557e-01
-6.114194362559245005e-02
-1.598487458486309853e-01
4.136397021507350891e-01
-2.539792833044961576e-02
-3.010159217109453084e-02
-5.888558319002881736e-02
-1.359287622623081837e-01
-7.471002626937443825e-02
-1.602852651680022888e-01
4.167697660439724228e-01
-2.539853313191669376e-02
-3.016133687847890460e-02
-5.934403165570825006e-02
-1.400583713000378427e-01
-7.797245369376669399e-02
-1.602061036899845303e-01
4.145788898668426592e-01
-2.538333251917872582e-02
-3.009481606541405257e-02
-6.003821580557528598e-02
-1.457385116844378825e-01
-7.838972247123104919e-02
-1.601476859903478434e-01
4.173543855828649174e-01
-2.538333278345715829e-02
-3.017340879422802935e-02
-6.100425000216470883e-02
-1.457228148053005268e-01
-7.984544600145830617e-02
-1.600673863757689219e-01
4.178340378311397596e-01
-2.539643720516587475e-02
-3.016950284253739831e-02
-6.241912670762355536e-02
-1.447809292611617615e-01
-8.460089402669299097e-02
-1.611355970806297166e-01
4.160685770785010340e-01
-2.539643745281701739e-02
-3.015407144761026587e-02
-6.457021868210052751e-02
-1.430270338873959324e-01
-8.301462478512983134e-02
-1.603072743543888512e-01
4.155671470620841967e-01
-2.539643803489105220e-02
-3.024833784295594130e-02
-6.792769197935963343e-02
-1.460368599341310136e-01
-6.735462626662522267e-02
-1.590015234261443200e-01
3.825960825798072062e-02
-1.753480809546322239e-01
8.785110638187434984e-02
-1.696027142691244327e-01
-1.895456306239801103e-02
-6.917448170815899966e-02
5.779796194536980236e-01
-2.181841256089488059e-03
