3.038024441891961080e-01
2.936320588649266594e-01
-1.046777215698805330e-01
-5.598567121351134823e-02
-1.271639965030571529e-01
3.449262784440613183e-01
-1.274357647619754341e-01
3.047978905188195586e-01
-2.539795976808051012e-02
-3.018482747406095110e-02
-5.611038978734023824e-02
-1.222637501348076139e-01
3.832313936508253138e-01
-1.246818618181451954e-01
3.008555507458257061e-01
-2.539856483316270744e-02
-3.018785941214619656e-02
-5.642270420027527267e-02
-1.186395133895716270e-01
3.912465221105724256e-01
-1.238566627394153130e-01
2.978203980355195735e-01
-2.538336472604371674e-02
-3.018490377896152280e-02
-5.694355271780404681e-02
-1.185238348905843647e-01
3.828575353133188974e-01
-1.242293189996463154e-01
2.944183987885619636e-01
-2.538336582874040764e-02
-3.019387890421412757e-02
-5.769967691313688390e-02
-1.213331725470052497e-01
3.869917056279725820e-01
-1.236973640426258653e-01
2.905299455905838157e-01
-2.539647125510904185e-02
-3.018704500323811726e-02
-5.884247499577952012e-02
-1.258759207314056883e-01
3.802595545800144805e-01
-1.246749743302021096e-01
2.885548077213768714e-01
-2.539647225543787551e-02
-3.020488471239287168e-02
-6.065207461572384023e-02
-1.308700109555892277e-01
3.666204068820702044e-01
-1.247252612289083684e-01
2.865170750744222561e-01
-2.539647294673770886e-02
-3.020062383418788826e-02
-6.355468741199996052e-02
-1.316184249400460526e-01
3.332380262364774692e-01
-1.261770994022371195e-01
3.549971911029834587e-02
1.310534833373223351e-01
5.441524483612043134e-02
1.347075438556443461e-01
-1.922589720387249054e-02
3.656451311260193737e-01
3.038024441891961080e-01
2.936320588649266594e-01
-1.046777215698805330e-01
-5.598567121351134823e-02
-1.271639965030571529e-01
3.449262784440613183e-01
-1.274357647619754341e-01
3.047978905188195586e-01
-2.539795976808051012e-02
-3.018482747406095110e-02
-5.611038978734023824e-02
-1.222637501348076139e-01
3.832313936508253138e-01
-1.246818618181451954e-01
3.008555507458257061e-01
-2.539856483316270744e-02
-3.018785941214619656e-02
-5.642270420027527267e-02
-1.186395133895716270e-01
3.912465221105724256e-01
-1.238566627394153130e-01
2.978203980355195735e-01
-2.538336472604371674e-02
-3.018490377896152280e-02
-5.694355271780404681e-02
-1.185238348905843647e-01
3.828575353133188974e-01
-1.242293189996463154e-01
2.944183987885619636e-01
-2.538336582874040764e-02
-3.019387890421412757e-02
-5.769967691313688390e-02
-1.213331725470052497e-01
3.869917056279725820e-01
-1.236973640426258653e-01
2.905299455905838157e-01
-2.539647125510904185e-02
-3.018704500323811726e-02
-5.884247499577952012e-02
-1.258759207314056883e-01
3.802595545800144805e-01
-1.246749743302021096e-01
2.885548077213768714e-01
-2.539647225543787551e-02
-3.020488471239287168e-02
-6.065207461572384023e-02
-1.308700109555892277e-01
3.666204068820702044e-01
-1.247252612289083684e-01
2.865170750744222561e-01
-2.539647294673770886e-02
-3.020062383418788826e-02
-6.355468741199996052e-02
-1.316184249400460526e-01
3.332380262364774692e-01
-1.261770994022371195e-01
3.549971911029834587e-02
1.310534833373223351e-01
5.441524483612043134e-02
1.347075438556443461e-01
-1.922589720387249054e-02
3.549590015310480906e-01
3.038024441891961080e-01
2.936320588649266594e-01
-1.046777215698805330e-01
-5.598567121351134823e-02
-1.271639965030571529e-01
3.449262784440613183e-01
-1.274357647619754341e-01
3.047978905188195586e-01
-2.539795976808051012e-02
-3.018482747406095110e-02
-5.611038978734023824e-02
-1.222637501348076139e-01
3.832313936508253138e-01
-1.246818618181451954e-01
3.008555507458257061e-01
-2.539856483316270744e-02
-3.018785941214619656e-02
-5.642270420027527267e-02
-1.186395133895716270e-01
3.912465221105724256e-01
-1.238566627394153130e-01
2.978203980355195735e-01
-2.538336472604371674e-02
-3.018490377896152280e-02
-5.694355271780404681e-02
-1.185238348905843647e-01
3.828575353133188974e-01
-1.242293189996463154e-01
2.944183987885619636e-01
-2.538336582874040764e-02
-3.019387890421412757e-02
-5.769967691313688390e-02
-1.213331725470052497e-01
3.869917056279725820e-01
-1.236973640426258653e-01
2.905299455905838157e-01
-2.539647125510904185e-02
-3.018704500323811726e-02
-5.884247499577952012e-02
-1.258759207314056883e-01
3.802595545800144805e-01
-1.246749743302021096e-01
2.885548077213768714e-01
-2.539647225543787551e-02
-3.020488471239287168e-02
-6.065207461572384023e-02
-1.308700109555892277e-01
3.666204068820702044e-01
-1.247252612289083684e-01
2.865170750744222561e-01
-2.539647294673770886e-02
-3.020062383418788826e-02
-6.355468741199996052e-02
-1.316184249400460526e-01
3.332380262364774692e-01
-1.261770994022371195e-01
3.549971911029834587e-02
1.310534833373223351e-01
5.441524483612043134e-02
1.347075438556443461e-01
-1.922589720387249054e-02
3.423167229264719724e-01
3.038024441891961080e-01
2.936320588649266594e-01
-1.046777215698805330e-01
-5.598567121351134823e-02
-1.271639965030571529e-01
3.449262784440613183e-01
-1.274357647619754341e-01
3.047978905188195586e-01
-2.539795976808051012e-02
-3.018482747406095110e-02
-5.611038978734023824e-02
-1.222637501348076139e-01
3.832313936508253138e-01
-1.246818618181451954e-01
3.008555507458257061e-01
-2.539856483316270744e-02
-3.018785941214619656e-02
-5.642270420027527267e-02
-1.186395133895716270e-01
3.912465221105724256e-01
-1.238566627394153130e-01
2.978203980355195735e-01
-2.538336472604371674e-02
-3.018490377896152280e-02
-5.694355271780404681e-02
-1.185238348905843647e-01
3.828575353133188974e-01
-1.242293189996463154e-01
2.944183987885619636e-01
-2.538336582874040764e-02
-3.019387890421412757e-02
-5.769967691313688390e-02
-1.213331725470052497e-01
3.869917056279725820e-01
-1.236973640426258653e-01
2.905299455905838157e-01
-2.539647125510904185e-02
-3.018704500323811726e-02
-5.884247499577952012e-02
-1.258759207314056883e-01
3.802595545800144805e-01
-1.246749743302021096e-01
2.885548077213768714e-01
-2.539647225543787551e-02
-3.020488471239287168e-02
-6.065207461572384023e-02
-1.308700109555892277e-01
3.666204068820702044e-01
-1.247252612289083684e-01
2.865170750744222561e-01
-2.539647294673770886e-02
-3.020062383418788826e-02
-6.355468741199996052e-02
-1.316184249400460526e-01
3.332380262364774692e-01
-1.261770994022371195e-01
3.549971911029834587e-02
1.310534833373223351e-01
5.441524483612043134e-02
1.347075438556443461e-01
-1.922589720387249054e-02
3.488402924005781780e-01
3.038024441891961080e-01
2.936320588649266594e-01
-1.046777215698805330e-01
-5.598567121351134823e-02
-1.271639965030571529e-01
3.449262784440613183e-01
-1.274357647619754341e-01
3.047978905188195586e-01
-2.539795976808051012e-02
-3.018482747406095110e-02
-5.611038978734023824e-02
-1.222637501348076139e-01
3.832313936508253138e-01
-1.246818618181451954e-01
3.008555507458257061e-01
-2.539856483316270744e-02
-3.018785941214619656e-02
-5.642270420027527267e-02
-1.186395133895716270e-01
3.912465221105724256e-01
-1.238566627394153130e-01
2.978203980355195735e-01
-2.538336472604371674e-02
-3.018490377896152280e-02
-5.694355271780404681e-02
-1.185238348905843647e-01
3.828575353133188974e-01
-1.242293189996463154e-01
2.944183987885619636e-01
-2.538336582874040764e-02
-3.019387890421412757e-02
-5.769967691313688390e-02
-1.213331725470052497e-01
3.869917056279725820e-01
-1.236973640426258653e-01
2.905299455905838157e-01
-2.539647125510904185e-02
-3.018704500323811726e-02
-5.884247499577952012e-02
-1.258759207314056883e-01
3.802595545800144805e-01
-1.246749743302021096e-01
2.885548077213768714e-01
-2.539647225543787551e-02
-3.020488471239287168e-02
-6.065207461572384023e-02
-1.308700109555892277e-01
3.666204068820702044e-01
-1.247252612289083684e-01
2.865170750744222561e-01
-2.539647294673770886e-02
-3.020062383418788826e-02
-6.355468741199996052e-02
-1.316184249400460526e-01
3.332380262364774692e-01
-1.261770994022371195e-01
3.549971911029834587e-02
1.310534833373223351e-01
5.441524483612043134e-02
1.347075438556443461e-01
-1.922589720387249054e-02
3.300033734607485392e-01
3.038024441891961080e-01
2.936320588649266594e-01
-1.046777215698805330e-01
-5.598567121351134823e-02
-1.271639965030571529e-01
3.449262784440613183e-01
-1.274357647619754341e-01
3.047978905188195586e-01
-2.539795976808051012e-02
-3.018482747406095110e-02
-5.611038978734023824e-02
-1.222637501348076139e-01
3.832313936508253138e-01
-1.246818618181451954e-01
3.008555507458257061e-01
-2.539856483316270744e-02
-3.018785941214619656e-02
-5.642270420027527267e-02
-1.186395133895716270e-01
3.912465221105724256e-01
-1.238566627394153130e-01
2.978203980355195735e-01
-2.538336472604371674e-02
-3.018490377896152280e-02
-5.694355271780404681e-02
-1.185238348905843647e-01
3.828575353133188974e-01
-1.242293189996463154e-01
2.944183987885619636e-01
-2.538336582874040764e-02
-3.019387890421412757e-02
-5.769967691313688390e-02
-1.213331725470052497e-01
3.869917056279725820e-01
-1.236973640426258653e-01
2.905299455905838157e-01
-2.539647125510904185e-02
-3.018704500323811726e-02
-5.884247499577952012e-02
-1.258759207314056883e-01
3.802595545800144805e-01
-1.246749743302021096e-01
2.885548077213768714e-01
-2.539647225543787551e-02
-3.020488471239287168e-02
-6.065207461572384023e-02
-1.308700109555892277e-01
3.666204068820702044e-01
-1.247252612289083684e-01
2.865170750744222561e-01
-2.539647294673770886e-02
-3.020062383418788826e-02
-6.355468741199996052e-02
-1.316184249400460526e-01
3.332380262364774692e-01
-1.261770994022371195e-01
3.549971911029834587e-02
1.310534833373223351e-01
5.441524483612043134e-02
1.347075438556443461e-01
-1.922589720387249054e-02
3.409778960141193749e-01
3.038024441891961080e-01
2.936320588649266594e-01
-1.046777215698805330e-01
-5.598567121351134823e-02
-1.271639965030571529e-01
3.449262784440613183e-01
-1.274357647619754341e-01
3.047978905188195586e-01
-2.539795976808051012e-02
-3.018482747406095110e-02
-5.611038978734023824e-02
-1.222637501348076139e-01
3.832313936508253138e-01
-1.246818618181451954e-01
3.008555507458257061e-01
-2.539856483316270744e-02
-3.018785941214619656e-02
-5.642270420027527267e-02
-1.186395133895716270e-01
3.912465221105724256e-01
-1.238566627394153130e-01
2.978203980355195735e-01
-2.538336472604371674e-02
-3.018490377896152280e-02
-5.694355271780404681e-02
-1.185238348905843647e-01
3.828575353133188974e-01
-1.242293189996463154e-01
2.944183987885619636e-01
-2.538336582874040764e-02
-3.019387890421412757e-02
-5.769967691313688390e-02
-1.213331725470052497e-01
3.869917056279725820e-01
-1.236973640426258653e-01
2.905299455905838157e-01
-2.539647125510904185e-02
-3.018704500323811726e-02
-5.884247499577952012e-02
-1.258759207314056883e-01
3.802595545800144805e-01
-1.246749743302021096e-01
2.885548077213768714e-01
-2.539647225543787551e-02
-3.020488471239287168e-02
-6.065207461572384023e-02
-1.308700109555892277e-01
3.666204068820702044e-01
-1.247252612289083684e-01
2.865170750744222561e-01
-2.539647294673770886e-02
-3.020062383418788826e-02
-6.355468741199996052e-02
-1.316184249400460526e-01
3.332380262364774692e-01
-1.261770994022371195e-01
3.549971911029834587e-02
1.310534833373223351e-01
5.441524483612043134e-02
1.347075438556443461e-01
-1.922589720387249054e-02
3.484628137354466304e-01
3.038024441891961080e-01
2.936320588649266594e-01
-1.046777215698805330e-01
-5.598567121351134823e-02
-1.271639965030571529e-01
3.449262784440613183e-01
-1.274357647619754341e-01
3.047978905188195586e-01
-2.539795976808051012e-02
-3.018482747406095110e-02
-5.611038978734023824e-02
-1.222637501348076139e-01
3.832313936508253138e-01
-1.246818618181451954e-01
3.008555507458257061e-01
-2.539856483316270744e-02
-3.018785941214619656e-02
-5.642270420027527267e-02
-1.186395133895716270e-01
3.912465221105724256e-01
-1.238566627394153130e-01
2.978203980355195735e-01
-2.538336472604371674e-02
-3.018490377896152280e-02
-5.694355271780404681e-02
-1.185238348905843647e-01
3.828575353133188974e-01
-1.242293189996463154e-01
2.944183987885619636e-01
-2.538336582874040764e-02
-3.019387890421412757e-02
-5.769967691313688390e-02
-1.213331725470052497e-01
3.869917056279725820e-01
-1.236973640426258653e-01
2.905299455905838157e-01
-2.539647125510904185e-02
-3.018704500323811726e-02
-5.884247499577952012e-02
-1.258759207314056883e-01
3.802595545800144805e-01
-1.246749743302021096e-01
2.885548077213768714e-01
-2.539647225543787551e-02
-3.020488471239287168e-02
-6.065207461572384023e-02
-1.308700109555892277e-01
3.666204068820702044e-01
-1.247252612289083684e-01
2.865170750744222561e-01
-2.539647294673770886e-02
-3.020062383418788826e-02
-6.355468741199996052e-02
-1.316184249400460526e-01
3.332380262364774692e-01
-1.261770994022371195e-01
3.549971911029834587e-02
1.310534833373223351e-01
5.441524483612043134e-02
1.347075438556443461e-01
-1.922589720387249054e-02
3.519118324868701353e-01
3.038024441891961080e-01
2.936320588649266594e-01
-1.046777215698805330e-01
-5.598567121351134823e-02
-1.271639965030571529e-01
3.449262784440613183e-01
-1.274357647619754341e-01
3.047978905188195586e-01
-2.539795976808051012e-02
-3.018482747406095110e-02
-5.611038978734023824e-02
-1.222637501348076139e-01
3.832313936508253138e-01
-1.246818618181451954e-01
3.008555507458257061e-01
-2.539856483316270744e-02
-3.018785941214619656e-02
-5.642270420027527267e-02
-1.186395133895716270e-01
3.912465221105724256e-01
-1.238566627394153130e-01
2.978203980355195735e-01
-2.538336472604371674e-02
-3.018490377896152280e-02
-5.694355271780404681e-02
-1.185238348905843647e-01
3.828575353133188974e-01
-1.242293189996463154e-01
2.944183987885619636e-01
-2.538336582874040764e-02
-3.019387890421412757e-02
-5.769967691313688390e-02
-1.213331725470052497e-01
3.869917056279725820e-01
-1.236973640426258653e-01
2.905299455905838157e-01
-2.539647125510904185e-02
-3.018704500323811726e-02
-5.884247499577952012e-02
-1.258759207314056883e-01
3.802595545800144805e-01
-1.246749743302021096e-01
2.885548077213768714e-01
-2.539647225543787551e-02
-3.020488471239287168e-02
-6.065207461572384023e-02
-1.308700109555892277e-01
3.666204068820702044e-01
-1.247252612289083684e-01
2.865170750744222561e-01
-2.539647294673770886e-02
-3.020062383418788826e-02
-6.355468741199996052e-02
-1.316184249400460526e-01
3.332380262364774692e-01
-1.261770994022371195e-01
3.549971911029834587e-02
1.310534833373223351e-01
5.441524483612043134e-02
1.347075438556443461e-01
-1.922589720387249054e-02
3.331267329879699091e-01
3.038024441891961080e-01
2.936320588649266594e-01
-1.046777215698805330e-01
-5.598567121351134823e-02
-1.271639965030571529e-01
3.449262784440613183e-01
-1.274357647619754341e-01
3.047978905188195586e-01
-2.539795976808051012e-02
-3.018482747406095110e-02
-5.611038978734023824e-02
-1.222637501348076139e-01
3.832313936508253138e-01
-1.246818618181451954e-01
3.008555507458257061e-01
-2.539856483316270744e-02
-3.018785941214619656e-02
-5.642270420027527267e-02
-1.186395133895716270e-01
3.912465221105724256e-01
-1.238566627394153130e-01
2.978203980355195735e-01
-2.538336472604371674e-02
-3.018490377896152280e-02
-5.694355271780404681e-02
-1.185238348905843647e-01
3.828575353133188974e-01
-1.242293189996463154e-01
2.944183987885619636e-01
-2.538336582874040764e-02
-3.019387890421412757e-02
-5.769967691313688390e-02
-1.213331725470052497e-01
3.869917056279725820e-01
-1.236973640426258653e-01
2.905299455905838157e-01
-2.539647125510904185e-02
-3.018704500323811726e-02
-5.884247499577952012e-02
-1.258759207314056883e-01
3.802595545800144805e-01
-1.246749743302021096e-01
2.885548077213768714e-01
-2.539647225543787551e-02
-3.020488471239287168e-02
-6.065207461572384023e-02
-1.308700109555892277e-01
3.666204068820702044e-01
-1.247252612289083684e-01
2.865170750744222561e-01
-2.539647294673770886e-02
-3.020062383418788826e-02
-6.355468741199996052e-02
-1.316184249400460526e-01
3.332380262364774692e-01
-1.261770994022371195e-01
3.549971911029834587e-02
1.310534833373223351e-01
5.441524483612043134e-02
1.347075438556443461e-01
-1.922589720387249054e-02
3.455109878038541971e-01
5.800713866799962481e-01
-2.776526570295392154e-02
