2.076211532119456304e-01
2.007863592750921689e-01
-8.231110003402443420e-02
-5.270641224057701080e-02
-1.420025573540950325e-01
-6.171368419834011992e-02
-1.488042933138168655e-01
2.116742106009771585e-01
-2.539798082462702694e-02
-3.010806674643382030e-02
-5.283131021811065392e-02
-1.430827542677051145e-01
-7.743812590266348217e-02
-1.497191672469899704e-01
2.173992169387852780e-01
-2.539858346282309470e-02
-3.012021566283304419e-02
-5.323165500177615833e-02
-1.441557403510660973e-01
-8.203740996791275553e-02
-1.498232737037002715e-01
2.230147600379220052e-01
-2.538338090523142854e-02
-3.012355623886447953e-02
-5.374625183300536790e-02
-1.449362990184959454e-01
-7.997537358722069112e-02
-1.496490330417290515e-01
2.260544320296766774e-01
-2.538338026706271622e-02
-3.012305294922962978e-02
-5.446159420690085962e-02
-1.457226682839168619e-01
-8.174037830803218552e-02
-1.497490617905882504e-01
2.243175024612571178e-01
-2.539648555262307220e-02
-3.013127093406839374e-02
-5.544276621172921499e-02
-1.488435291949803951e-01
-8.500361100369263623e-02
-1.508401824407867020e-01
2.235657451735086343e-01
-2.539648642106242388e-02
-3.012057086197759970e-02
-5.703548104952271824e-02
-1.509609374581322438e-01
-8.136735849087356476e-02
-1.498373454695884066e-01
2.234100581866263757e-01
-2.539648712474617404e-02
-3.015417865757229546e-02
-5.962596622469743674e-02
-1.505719072215353782e-01
-7.064562118921059730e-02
-1.485554623587004575e-01
3.372447960435601827e-02
2.864427390286862218e-01
3.297225196757361254e-02
2.890362090762285119e-01
-1.939990845381983284e-02
-6.621157925426839064e-02
2.076211532119456304e-01
2.007863592750921689e-01
-8.231110003402443420e-02
-5.270641224057701080e-02
-1.420025573540950325e-01
-6.171368419834011992e-02
-1.488042933138168655e-01
2.116742106009771585e-01
-2.539798082462702694e-02
-3.010806674643382030e-02
-5.283131021811065392e-02
-1.430827542677051145e-01
-7.743812590266348217e-02
-1.497191672469899704e-01
2.173992169387852780e-01
-2.539858346282309470e-02
-3.012021566283304419e-02
-5.323165500177615833e-02
-1.441557403510660973e-01
-8.203740996791275553e-02
-1.498232737037002715e-01
2.230147600379220052e-01
-2.538338090523142854e-02
-3.012355623886447953e-02
-5.374625183300536790e-02
-1.449362990184959454e-01
-7.997537358722069112e-02
-1.496490330417290515e-01
2.260544320296766774e-01
-2.538338026706271622e-02
-3.012305294922962978e-02
-5.446159420690085962e-02
-1.457226682839168619e-01
-8.174037830803218552e-02
-1.497490617905882504e-01
2.243175024612571178e-01
-2.539648555262307220e-02
-3.013127093406839374e-02
-5.544276621172921499e-02
-1.488435291949803951e-01
-8.500361100369263623e-02
-1.508401824407867020e-01
2.235657451735086343e-01
-2.539648642106242388e-02
-3.012057086197759970e-02
-5.703548104952271824e-02
-1.509609374581322438e-01
-8.136735849087356476e-02
-1.498373454695884066e-01
2.234100581866263757e-01
-2.539648712474617404e-02
-3.015417865757229546e-02
-5.962596622469743674e-02
-1.505719072215353782e-01
-7.064562118921059730e-02
-1.485554623587004575e-01
3.372447960435601827e-02
2.864427390286862218e-01
3.297225196757361254e-02
2.890362090762285119e-01
-1.939990845381983284e-02
-6.815104951179044857e-02
2.076211532119456304e-01
2.007863592750921689e-01
-8.231110003402443420e-02
-5.270641224057701080e-02
-1.420025573540950325e-01
-6.171368419834011992e-02
-1.488042933138168655e-01
2.116742106009771585e-01
-2.539798082462702694e-02
-3.010806674643382030e-02
-5.283131021811065392e-02
-1.430827542677051145e-01
-7.743812590266348217e-02
-1.497191672469899704e-01
2.173992169387852780e-01
-2.539858346282309470e-02
-3.012021566283304419e-02
-5.323165500177615833e-02
-1.441557403510660973e-01
-8.203740996791275553e-02
-1.498232737037002715e-01
2.230147600379220052e-01
-2.538338090523142854e-02
-3.012355623886447953e-02
-5.374625183300536790e-02
-1.449362990184959454e-01
-7.997537358722069112e-02
-1.496490330417290515e-01
2.260544320296766774e-01
-2.538338026706271622e-02
-3.012305294922962978e-02
-5.446159420690085962e-02
-1.457226682839168619e-01
-8.174037830803218552e-02
-1.497490617905882504e-01
2.243175024612571178e-01
-2.539648555262307220e-02
-3.013127093406839374e-02
-5.544276621172921499e-02
-1.488435291949803951e-01
-8.500361100369263623e-02
-1.508401824407867020e-01
2.235657451735086343e-01
-2.539648642106242388e-02
-3.012057086197759970e-02
-5.703548104952271824e-02
-1.509609374581322438e-01
-8.136735849087356476e-02
-1.498373454695884066e-01
2.234100581866263757e-01
-2.539648712474617404e-02
-3.015417865757229546e-02
-5.962596622469743674e-02
-1.505719072215353782e-01
-7.064562118921059730e-02
-1.485554623587004575e-01
3.372447960435601827e-02
2.864427390286862218e-01
3.297225196757361254e-02
2.890362090762285119e-01
-1.939990845381983284e-02
-6.594367858368549440e-02
2.076211532119456304e-01
2.007863592750921689e-01
-8.231110003402443420e-02
-5.270641224057701080e-02
-1.420025573540950325e-01
-6.171368419834011992e-02
-1.488042933138168655e-01
2.116742106009771585e-01
-2.539798082462702694e-02
-3.010806674643382030e-02
-5.283131021811065392e-02
-1.430827542677051145e-01
-7.743812590266348217e-02
-1.497191672469899704e-01
2.173992169387852780e-01
-2.539858346282309470e-02
-3.012021566283304419e-02
-5.323165500177615833e-02
-1.441557403510660973e-01
-8.203740996791275553e-02
-1.498232737037002715e-01
2.230147600379220052e-01
-2.538338090523142854e-02
-3.012355623886447953e-02
-5.374625183300536790e-02
-1.449362990184959454e-01
-7.997537358722069112e-02
-1.496490330417290515e-01
2.260544320296766774e-01
-2.538338026706271622e-02
-3.012305294922962978e-02
-5.446159420690085962e-02
-1.457226682839168619e-01
-8.174037830803218552e-02
-1.497490617905882504e-01
2.243175024612571178e-01
-2.539648555262307220e-02
-3.013127093406839374e-02
-5.544276621172921499e-02
-1.488435291949803951e-01
-8.500361100369263623e-02
-1.508401824407867020e-01
2.235657451735086343e-01
-2.539648642106242388e-02
-3.012057086197759970e-02
-5.703548104952271824e-02
-1.509609374581322438e-01
-8.136735849087356476e-02
-1.498373454695884066e-01
2.234100581866263757e-01
-2.539648712474617404e-02
-3.015417865757229546e-02
-5.962596622469743674e-02
-1.505719072215353782e-01
-7.064562118921059730e-02
-1.485554623587004575e-01
3.372447960435601827e-02
2.864427390286862218e-01
3.297225196757361254e-02
2.890362090762285119e-01
-1.939990845381983284e-02
-6.600798071377254883e-02
2.076211532119456304e-01
2.007863592750921689e-01
-8.231110003402443420e-02
-5.270641224057701080e-02
-1.420025573540950325e-01
-6.171368419834011992e-02
-1.488042933138168655e-01
2.116742106009771585e-01
-2.539798082462702694e-02
-3.010806674643382030e-02
-5.283131021811065392e-02
-1.430827542677051145e-01
-7.743812590266348217e-02
-1.497191672469899704e-01
2.173992169387852780e-01
-2.539858346282309470e-02
-3.012021566283304419e-02
-5.323165500177615833e-02
-1.441557403510660973e-01
-8.203740996791275553e-02
-1.498232737037002715e-01
2.230147600379220052e-01
-2.538338090523142854e-02
-3.012355623886447953e-02
-5.374625183300536790e-02
-1.449362990184959454e-01
-7.997537358722069112e-02
-1.496490330417290515e-01
2.260544320296766774e-01
-2.538338026706271622e-02
-3.012305294922962978e-02
-5.446159420690085962e-02
-1.457226682839168619e-01
-8.174037830803218552e-02
-1.497490617905882504e-01
2.243175024612571178e-01
-2.539648555262307220e-02
-3.013127093406839374e-02
-5.544276621172921499e-02
-1.488435291949803951e-01
-8.500361100369263623e-02
-1.508401824407867020e-01
2.235657451735086343e-01
-2.539648642106242388e-02
-3.012057086197759970e-02
-5.703548104952271824e-02
-1.509609374581322438e-01
-8.136735849087356476e-02
-1.498373454695884066e-01
2.234100581866263757e-01
-2.539648712474617404e-02
-3.015417865757229546e-02
-5.962596622469743674e-02
-1.505719072215353782e-01
-7.064562118921059730e-02
-1.485554623587004575e-01
3.372447960435601827e-02
2.864427390286862218e-01
3.297225196757361254e-02
2.890362090762285119e-01
-1.939990845381983284e-02
-6.714819703705530995e-02
2.076211532119456304e-01
2.007863592750921689e-01
-8.231110003402443420e-02
-5.270641224057701080e-02
-1.420025573540950325e-01
-6.171368419834011992e-02
-1.488042933138168655e-01
2.116742106009771585e-01
-2.539798082462702694e-02
-3.010806674643382030e-02
-5.283131021811065392e-02
-1.430827542677051145e-01
-7.743812590266348217e-02
-1.497191672469899704e-01
2.173992169387852780e-01
-2.539858346282309470e-02
-3.012021566283304419e-02
-5.323165500177615833e-02
-1.441557403510660973e-01
-8.203740996791275553e-02
-1.498232737037002715e-01
2.230147600379220052e-01
-2.538338090523142854e-02
-3.012355623886447953e-02
-5.374625183300536790e-02
-1.449362990184959454e-01
-7.997537358722069112e-02
-1.496490330417290515e-01
2.260544320296766774e-01
-2.538338026706271622e-02
-3.012305294922962978e-02
-5.446159420690085962e-02
-1.457226682839168619e-01
-8.174037830803218552e-02
-1.497490617905882504e-01
2.243175024612571178e-01
-2.539648555262307220e-02
-3.013127093406839374e-02
-5.544276621172921499e-02
-1.488435291949803951e-01
-8.500361100369263623e-02
-1.508401824407867020e-01
2.235657451735086343e-01
-2.539648642106242388e-02
-3.012057086197759970e-02
-5.703548104952271824e-02
-1.509609374581322438e-01
-8.136735849087356476e-02
-1.498373454695884066e-01
2.234100581866263757e-01
-2.539648712474617404e-02
-3.015417865757229546e-02
-5.962596622469743674e-02
-1.505719072215353782e-01
-7.064562118921059730e-02
-1.485554623587004575e-01
3.372447960435601827e-02
2.864427390286862218e-01
3.297225196757361254e-02
2.890362090762285119e-01
-1.939990845381983284e-02
-6.763508999442673086e-02
2.076211532119456304e-01
2.007863592750921689e-01
-8.231110003402443420e-02
-5.270641224057701080e-02
-1.420025573540950325e-01
-6.171368419834011992e-02
-1.488042933138168655e-01
2.116742106009771585e-01
-2.539798082462702694e-02
-3.010806674643382030e-02
-5.283131021811065392e-02
-1.430827542677051145e-01
-7.743812590266348217e-02
-1.497191672469899704e-01
2.173992169387852780e-01
-2.539858346282309470e-02
-3.012021566283304419e-02
-5.323165500177615833e-02
-1.441557403510660973e-01
-8.203740996791275553e-02
-1.498232737037002715e-01
2.230147600379220052e-01
-2.538338090523142854e-02
-3.012355623886447953e-02
-5.374625183300536790e-02
-1.449362990184959454e-01
-7.997537358722069112e-02
-1.496490330417290515e-01
2.260544320296766774e-01
-2.538338026706271622e-02
-3.012305294922962978e-02
-5.446159420690085962e-02
-1.457226682839168619e-01
-8.174037830803218552e-02
-1.497490617905882504e-01
2.243175024612571178e-01
-2.539648555262307220e-02
-3.013127093406839374e-02
-5.544276621172921499e-02
-1.488435291949803951e-01
-8.500361100369263623e-02
-1.508401824407867020e-01
2.235657451735086343e-01
-2.539648642106242388e-02
-3.012057086197759970e-02
-5.703548104952271824e-02
-1.509609374581322438e-01
-8.136735849087356476e-02
-1.498373454695884066e-01
2.234100581866263757e-01
-2.539648712474617404e-02
-3.015417865757229546e-02
-5.962596622469743674e-02
-1.505719072215353782e-01
-7.064562118921059730e-02
-1.485554623587004575e-01
3.372447960435601827e-02
2.864427390286862218e-01
3.297225196757361254e-02
2.890362090762285119e-01
-1.939990845381983284e-02
-6.752246529911110073e-02
2.076211532119456304e-01
2.007863592750921689e-01
-8.231110003402443420e-02
-5.270641224057701080e-02
-1.420025573540950325e-01
-6.171368419834011992e-02
-1.488042933138168655e-01
2.116742106009771585e-01
-2.539798082462702694e-02
-3.010806674643382030e-02
-5.283131021811065392e-02
-1.430827542677051145e-01
-7.743812590266348217e-02
-1.497191672469899704e-01
2.173992169387852780e-01
-2.539858346282309470e-02
-3.012021566283304419e-02
-5.323165500177615833e-02
-1.441557403510660973e-01
-8.203740996791275553e-02
-1.498232737037002715e-01
2.230147600379220052e-01
-2.538338090523142854e-02
-3.012355623886447953e-02
-5.374625183300536790e-02
-1.449362990184959454e-01
-7.997537358722069112e-02
-1.496490330417290515e-01
2.260544320296766774e-01
-2.538338026706271622e-02
-3.012305294922962978e-02
-5.446159420690085962e-02
-1.457226682839168619e-01
-8.174037830803218552e-02
-1.497490617905882504e-01
2.243175024612571178e-01
-2.539648555262307220e-02
-3.013127093406839374e-02
-5.544276621172921499e-02
-1.488435291949803951e-01
-8.500361100369263623e-02
-1.508401824407867020e-01
2.235657451735086343e-01
-2.539648642106242388e-02
-3.012057086197759970e-02
-5.703548104952271824e-02
-1.509609374581322438e-01
-8.136735849087356476e-02
-1.498373454695884066e-01
2.234100581866263757e-01
-2.539648712474617404e-02
-3.015417865757229546e-02
-5.962596622469743674e-02
-1.505719072215353782e-01
-7.064562118921059730e-02
-1.485554623587004575e-01
3.372447960435601827e-02
2.864427390286862218e-01
3.297225196757361254e-02
2.890362090762285119e-01
-1.939990845381983284e-02
-6.686316734795859362e-02
2.076211532119456304e-01
2.007863592750921689e-01
-8.231110003402443420e-02
-5.270641224057701080e-02
-1.420025573540950325e-01
-6.171368419834011992e-02
-1.488042933138168655e-01
2.116742106009771585e-01
-2.539798082462702694e-02
-3.010806674643382030e-02
-5.283131021811065392e-02
-1.430827542677051145e-01
-7.743812590266348217e-02
-1.497191672469899704e-01
2.173992169387852780e-01
-2.539858346282309470e-02
-3.012021566283304419e-02
-5.323165500177615833e-02
-1.441557403510660973e-01
-8.203740996791275553e-02
-1.498232737037002715e-01
2.230147600379220052e-01
-2.538338090523142854e-02
-3.012355623886447953e-02
-5.374625183300536790e-02
-1.449362990184959454e-01
-7.997537358722069112e-02
-1.496490330417290515e-01
2.260544320296766774e-01
-2.538338026706271622e-02
-3.012305294922962978e-02
-5.446159420690085962e-02
-1.457226682839168619e-01
-8.174037830803218552e-02
-1.497490617905882504e-01
2.243175024612571178e-01
-2.539648555262307220e-02
-3.013127093406839374e-02
-5.544276621172921499e-02
-1.488435291949803951e-01
-8.500361100369263623e-02
-1.508401824407867020e-01
2.235657451735086343e-01
-2.539648642106242388e-02
-3.012057086197759970e-02
-5.703548104952271824e-02
-1.509609374581322438e-01
-8.136735849087356476e-02
-1.498373454695884066e-01
2.234100581866263757e-01
-2.539648712474617404e-02
-3.015417865757229546e-02
-5.962596622469743674e-02
-1.505719072215353782e-01
-7.064562118921059730e-02
-1.485554623587004575e-01
3.372447960435601827e-02
2.864427390286862218e-01
3.297225196757361254e-02
2.890362090762285119e-01
-1.939990845381983284e-02
-6.881928916551481590e-02
2.076211532119456304e-01
2.007863592750921689e-01
-8.231110003402443420e-02
-5.270641224057701080e-02
-1.420025573540950325e-01
-6.171368419834011992e-02
-1.488042933138168655e-01
2.116742106009771585e-01
-2.539798082462702694e-02
-3.010806674643382030e-02
-5.283131021811065392e-02
-1.430827542677051145e-01
-7.743812590266348217e-02
-1.497191672469899704e-01
2.173992169387852780e-01
-2.539858346282309470e-02
-3.012021566283304419e-02
-5.323165500177615833e-02
-1.441557403510660973e-01
-8.203740996791275553e-02
-1.498232737037002715e-01
2.230147600379220052e-01
-2.538338090523142854e-02
-3.012355623886447953e-02
-5.374625183300536790e-02
-1.449362990184959454e-01
-7.997537358722069112e-02
-1.496490330417290515e-01
2.260544320296766774e-01
-2.538338026706271622e-02
-3.012305294922962978e-02
-5.446159420690085962e-02
-1.457226682839168619e-01
-8.174037830803218552e-02
-1.497490617905882504e-01
2.243175024612571178e-01
-2.539648555262307220e-02
-3.013127093406839374e-02
-5.544276621172921499e-02
-1.488435291949803951e-01
-8.500361100369263623e-02
-1.508401824407867020e-01
2.235657451735086343e-01
-2.539648642106242388e-02
-3.012057086197759970e-02
-5.703548104952271824e-02
-1.509609374581322438e-01
-8.136735849087356476e-02
-1.498373454695884066e-01
2.234100581866263757e-01
-2.539648712474617404e-02
-3.015417865757229546e-02
-5.962596622469743674e-02
-1.505719072215353782e-01
-7.064562118921059730e-02
-1.485554623587004575e-01
3.372447960435601827e-02
2.864427390286862218e-01
3.297225196757361254e-02
2.890362090762285119e-01
-1.939990845381983284e-02
-6.980857432463337398e-02
5.606837950441191376e-01
2.694898905942174142e-02
