-3.657625574730570817e-01
-3.580736308494019138e-01
-1.163158764621531338e-01
3.193945053453010052e-01
-9.154520750009953467e-02
-6.937977542782798324e-01
-1.979597741923523058e-01
-3.687846519070303031e-01
4.091423501111139061e+00
3.020204176611099633e+00
3.371463879227249993e-01
-9.250550842557202225e-02
-6.924649036529186841e-01
-1.975540667578386533e-01
-3.718383689486116084e-01
4.091440699273284132e+00
3.020203953943193742e+00
3.574842364411935924e-01
-9.463192311006946023e-02
-6.917577720820489162e-01
-1.971321882474088294e-01
-3.749066984650730738e-01
4.092261742178018302e+00
3.020203933851863365e+00
3.813725677983498819e-01
-9.625309828665118417e-02
-6.906524994267705386e-01
-1.969368183458160559e-01
-3.777715348163968034e-01
4.092261730825642374e+00
3.020203813721318742e+00
4.104384758033142733e-01
-9.780771309973135264e-02
-6.932015493413873353e-01
-1.967697327753295256e-01
-3.805300228329586143e-01
4.091525964968406370e+00
3.020203748630092111e+00
4.464891345447013493e-01
-9.962920968191342486e-02
-6.920351117604049973e-01
-1.977786073644724196e-01
-3.833833724192050041e-01
4.091525953595415821e+00
3.020203531798495877e+00
4.930297362840493913e-01
-1.012847522747690604e-01
-6.897732991795555435e-01
-1.968227060899126746e-01
-3.860546299725092778e-01
4.091525942222426160e+00
3.020204292413379399e+00
5.553291079952159537e-01
-1.024993157984661618e-01
-6.888769855727362446e-01
-1.962886555186811877e-01
-2.998869745955424548e+00
3.099431982462643176e-01
1.429450058443135392e-02
-4.552405679563374941e-01
1.772459584084353779e+00
-1.413665162551722490e-02
-3.657625574730570817e-01
-3.580736308494019138e-01
-1.163158764621531338e-01
3.193945053453010052e-01
-9.154520750009953467e-02
-6.937977542782798324e-01
-1.979597741923523058e-01
-3.687846519070303031e-01
4.091423501111139061e+00
3.020204176611099633e+00
3.371463879227249993e-01
-9.250550842557202225e-02
-6.924649036529186841e-01
-1.975540667578386533e-01
-3.718383689486116084e-01
4.091440699273284132e+00
3.020203953943193742e+00
3.574842364411935924e-01
-9.463192311006946023e-02
-6.917577720820489162e-01
-1.971321882474088294e-01
-3.749066984650730738e-01
4.092261742178018302e+00
3.020203933851863365e+00
3.813725677983498819e-01
-9.625309828665118417e-02
-6.906524994267705386e-01
-1.969368183458160559e-01
-3.777715348163968034e-01
4.092261730825642374e+00
3.020203813721318742e+00
4.104384758033142733e-01
-9.780771309973135264e-02
-6.932015493413873353e-01
-1.967697327753295256e-01
-3.805300228329586143e-01
4.091525964968406370e+00
3.020203748630092111e+00
4.464891345447013493e-01
-9.962920968191342486e-02
-6.920351117604049973e-01
-1.977786073644724196e-01
-3.833833724192050041e-01
4.091525953595415821e+00
3.020203531798495877e+00
4.930297362840493913e-01
-1.012847522747690604e-01
-6.897732991795555435e-01
-1.968227060899126746e-01
-3.860546299725092778e-01
4.091525942222426160e+00
3.020204292413379399e+00
5.553291079952159537e-01
-1.024993157984661618e-01
-6.888769855727362446e-01
-1.962886555186811877e-01
-2.998869745955424548e+00
3.099431982462643176e-01
1.429450058443135392e-02
-4.552405679563374941e-01
1.772459584084353779e+00
-9.520039218293478711e-02
-3.657625574730570817e-01
-3.580736308494019138e-01
-1.163158764621531338e-01
3.193945053453010052e-01
-9.154520750009953467e-02
-6.937977542782798324e-01
-1.979597741923523058e-01
-3.687846519070303031e-01
4.091423501111139061e+00
3.020204176611099633e+00
3.371463879227249993e-01
-9.250550842557202225e-02
-6.924649036529186841e-01
-1.975540667578386533e-01
-3.718383689486116084e-01
4.091440699273284132e+00
3.020203953943193742e+00
3.574842364411935924e-01
-9.463192311006946023e-02
-6.917577720820489162e-01
-1.971321882474088294e-01
-3.749066984650730738e-01
4.092261742178018302e+00
3.020203933851863365e+00
3.813725677983498819e-01
-9.625309828665118417e-02
-6.906524994267705386e-01
-1.969368183458160559e-01
-3.777715348163968034e-01
4.092261730825642374e+00
3.020203813721318742e+00
4.104384758033142733e-01
-9.780771309973135264e-02
-6.932015493413873353e-01
-1.967697327753295256e-01
-3.805300228329586143e-01
4.091525964968406370e+00
3.020203748630092111e+00
4.464891345447013493e-01
-9.962920968191342486e-02
-6.920351117604049973e-01
-1.977786073644724196e-01
-3.833833724192050041e-01
4.091525953595415821e+00
3.020203531798495877e+00
4.930297362840493913e-01
-1.012847522747690604e-01
-6.897732991795555435e-01
-1.968227060899126746e-01
-3.860546299725092778e-01
4.091525942222426160e+00
3.020204292413379399e+00
5.553291079952159537e-01
-1.024993157984661618e-01
-6.888769855727362446e-01
-1.962886555186811877e-01
-2.998869745955424548e+00
3.099431982462643176e-01
1.429450058443135392e-02
-4.552405679563374941e-01
1.772459584084353779e+00
-1.066598805640739389e-01
-3.657625574730570817e-01
-3.580736308494019138e-01
-1.163158764621531338e-01
3.193945053453010052e-01
-9.154520750009953467e-02
-6.937977542782798324e-01
-1.979597741923523058e-01
-3.687846519070303031e-01
4.091423501111139061e+00
3.020204176611099633e+00
3.371463879227249993e-01
-9.250550842557202225e-02
-6.924649036529186841e-01
-1.975540667578386533e-01
-3.718383689486116084e-01
4.091440699273284132e+00
3.020203953943193742e+00
3.574842364411935924e-01
-9.463192311006946023e-02
-6.917577720820489162e-01
-1.971321882474088294e-01
-3.749066984650730738e-01
4.092261742178018302e+00
3.020203933851863365e+00
3.813725677983498819e-01
-9.625309828665118417e-02
-6.906524994267705386e-01
-1.969368183458160559e-01
-3.777715348163968034e-01
4.092261730825642374e+00
3.020203813721318742e+00
4.104384758033142733e-01
-9.780771309973135264e-02
-6.932015493413873353e-01
-1.967697327753295256e-01
-3.805300228329586143e-01
4.091525964968406370e+00
3.020203748630092111e+00
4.464891345447013493e-01
-9.962920968191342486e-02
-6.920351117604049973e-01
-1.977786073644724196e-01
-3.833833724192050041e-01
4.091525953595415821e+00
3.020203531798495877e+00
4.930297362840493913e-01
-1.012847522747690604e-01
-6.897732991795555435e-01
-1.968227060899126746e-01
-3.860546299725092778e-01
4.091525942222426160e+00
3.020204292413379399e+00
5.553291079952159537e-01
-1.024993157984661618e-01
-6.888769855727362446e-01
-1.962886555186811877e-01
-2.998869745955424548e+00
3.099431982462643176e-01
1.429450058443135392e-02
-4.552405679563374941e-01
1.772459584084353779e+00
-8.109804399783765438e-02
-3.657625574730570817e-01
-3.580736308494019138e-01
-1.163158764621531338e-01
3.193945053453010052e-01
-9.154520750009953467e-02
-6.937977542782798324e-01
-1.979597741923523058e-01
-3.687846519070303031e-01
4.091423501111139061e+00
3.020204176611099633e+00
3.371463879227249993e-01
-9.250550842557202225e-02
-6.924649036529186841e-01
-1.975540667578386533e-01
-3.718383689486116084e-01
4.091440699273284132e+00
3.020203953943193742e+00
3.574842364411935924e-01
-9.463192311006946023e-02
-6.917577720820489162e-01
-1.971321882474088294e-01
-3.749066984650730738e-01
4.092261742178018302e+00
3.020203933851863365e+00
3.813725677983498819e-01
-9.625309828665118417e-02
-6.906524994267705386e-01
-1.969368183458160559e-01
-3.777715348163968034e-01
4.092261730825642374e+00
3.020203813721318742e+00
4.104384758033142733e-01
-9.780771309973135264e-02
-6.932015493413873353e-01
-1.967697327753295256e-01
-3.805300228329586143e-01
4.091525964968406370e+00
3.020203748630092111e+00
4.464891345447013493e-01
-9.962920968191342486e-02
-6.920351117604049973e-01
-1.977786073644724196e-01
-3.833833724192050041e-01
4.091525953595415821e+00
3.020203531798495877e+00
4.930297362840493913e-01
-1.012847522747690604e-01
-6.897732991795555435e-01
-1.968227060899126746e-01
-3.860546299725092778e-01
4.091525942222426160e+00
3.020204292413379399e+00
5.553291079952159537e-01
-1.024993157984661618e-01
-6.888769855727362446e-01
-1.962886555186811877e-01
-2.998869745955424548e+00
3.099431982462643176e-01
1.429450058443135392e-02
-4.552405679563374941e-01
1.772459584084353779e+00
-1.780765556626795199e-01
-3.657625574730570817e-01
-3.580736308494019138e-01
-1.163158764621531338e-01
3.193945053453010052e-01
-9.154520750009953467e-02
-6.937977542782798324e-01
-1.979597741923523058e-01
-3.687846519070303031e-01
4.091423501111139061e+00
3.020204176611099633e+00
3.371463879227249993e-01
-9.250550842557202225e-02
-6.924649036529186841e-01
-1.975540667578386533e-01
-3.718383689486116084e-01
4.091440699273284132e+00
3.020203953943193742e+00
3.574842364411935924e-01
-9.463192311006946023e-02
-6.917577720820489162e-01
-1.971321882474088294e-01
-3.749066984650730738e-01
4.092261742178018302e+00
3.020203933851863365e+00
3.813725677983498819e-01
-9.625309828665118417e-02
-6.906524994267705386e-01
-1.969368183458160559e-01
-3.777715348163968034e-01
4.092261730825642374e+00
3.020203813721318742e+00
4.104384758033142733e-01
-9.780771309973135264e-02
-6.932015493413873353e-01
-1.967697327753295256e-01
-3.805300228329586143e-01
4.091525964968406370e+00
3.020203748630092111e+00
4.464891345447013493e-01
-9.962920968191342486e-02
-6.920351117604049973e-01
-1.977786073644724196e-01
-3.833833724192050041e-01
4.091525953595415821e+00
3.020203531798495877e+00
4.930297362840493913e-01
-1.012847522747690604e-01
-6.897732991795555435e-01
-1.968227060899126746e-01
-3.860546299725092778e-01
4.091525942222426160e+00
3.020204292413379399e+00
5.553291079952159537e-01
-1.024993157984661618e-01
-6.888769855727362446e-01
-1.962886555186811877e-01
-2.998869745955424548e+00
3.099431982462643176e-01
1.429450058443135392e-02
-4.552405679563374941e-01
1.772459584084353779e+00
-1.516457265717301994e-01
-3.657625574730570817e-01
-3.580736308494019138e-01
-1.163158764621531338e-01
3.193945053453010052e-01
-9.154520750009953467e-02
-6.937977542782798324e-01
-1.979597741923523058e-01
-3.687846519070303031e-01
4.091423501111139061e+00
3.020204176611099633e+00
3.371463879227249993e-01
-9.250550842557202225e-02
-6.924649036529186841e-01
-1.975540667578386533e-01
-3.718383689486116084e-01
4.091440699273284132e+00
3.020203953943193742e+00
3.574842364411935924e-01
-9.463192311006946023e-02
-6.917577720820489162e-01
-1.971321882474088294e-01
-3.749066984650730738e-01
4.092261742178018302e+00
3.020203933851863365e+00
3.813725677983498819e-01
-9.625309828665118417e-02
-6.906524994267705386e-01
-1.969368183458160559e-01
-3.777715348163968034e-01
4.092261730825642374e+00
3.020203813721318742e+00
4.104384758033142733e-01
-9.780771309973135264e-02
-6.932015493413873353e-01
-1.967697327753295256e-01
-3.805300228329586143e-01
4.091525964968406370e+00
3.020203748630092111e+00
4.464891345447013493e-01
-9.962920968191342486e-02
-6.920351117604049973e-01
-1.977786073644724196e-01
-3.833833724192050041e-01
4.091525953595415821e+00
3.020203531798495877e+00
4.930297362840493913e-01
-1.012847522747690604e-01
-6.897732991795555435e-01
-1.968227060899126746e-01
-3.860546299725092778e-01
4.091525942222426160e+00
3.020204292413379399e+00
5.553291079952159537e-01
-1.024993157984661618e-01
-6.888769855727362446e-01
-1.962886555186811877e-01
-2.998869745955424548e+00
3.099431982462643176e-01
1.429450058443135392e-02
-4.552405679563374941e-01
1.772459584084353779e+00
-1.295408945029506709e-01
-3.657625574730570817e-01
-3.580736308494019138e-01
-1.163158764621531338e-01
3.193945053453010052e-01
-9.154520750009953467e-02
-6.937977542782798324e-01
-1.979597741923523058e-01
-3.687846519070303031e-01
4.091423501111139061e+00
3.020204176611099633e+00
3.371463879227249993e-01
-9.250550842557202225e-02
-6.924649036529186841e-01
-1.975540667578386533e-01
-3.718383689486116084e-01
4.091440699273284132e+00
3.020203953943193742e+00
3.574842364411935924e-01
-9.463192311006946023e-02
-6.917577720820489162e-01
-1.971321882474088294e-01
-3.749066984650730738e-01
4.092261742178018302e+00
3.020203933851863365e+00
3.813725677983498819e-01
-9.625309828665118417e-02
-6.906524994267705386e-01
-1.969368183458160559e-01
-3.777715348163968034e-01
4.092261730825642374e+00
3.020203813721318742e+00
4.104384758033142733e-01
-9.780771309973135264e-02
-6.932015493413873353e-01
-1.967697327753295256e-01
-3.805300228329586143e-01
4.091525964968406370e+00
3.020203748630092111e+00
4.464891345447013493e-01
-9.962920968191342486e-02
-6.920351117604049973e-01
-1.977786073644724196e-01
-3.833833724192050041e-01
4.091525953595415821e+00
3.020203531798495877e+00
4.930297362840493913e-01
-1.012847522747690604e-01
-6.897732991795555435e-01
-1.968227060899126746e-01
-3.860546299725092778e-01
4.091525942222426160e+00
3.020204292413379399e+00
5.553291079952159537e-01
-1.024993157984661618e-01
-6.888769855727362446e-01
-1.962886555186811877e-01
-2.998869745955424548e+00
3.099431982462643176e-01
1.429450058443135392e-02
-4.552405679563374941e-01
1.772459584084353779e+00
-1.037853286527246621e-01
-3.657625574730570817e-01
-3.580736308494019138e-01
-1.163158764621531338e-01
3.193945053453010052e-01
-9.154520750009953467e-02
-6.937977542782798324e-01
-1.979597741923523058e-01
-3.687846519070303031e-01
4.091423501111139061e+00
3.020204176611099633e+00
3.371463879227249993e-01
-9.250550842557202225e-02
-6.924649036529186841e-01
-1.975540667578386533e-01
-3.718383689486116084e-01
4.091440699273284132e+00
3.020203953943193742e+00
3.574842364411935924e-01
-9.463192311006946023e-02
-6.917577720820489162e-01
-1.971321882474088294e-01
-3.749066984650730738e-01
4.092261742178018302e+00
3.020203933851863365e+00
3.813725677983498819e-01
-9.625309828665118417e-02
-6.906524994267705386e-01
-1.969368183458160559e-01
-3.777715348163968034e-01
4.092261730825642374e+00
3.020203813721318742e+00
4.104384758033142733e-01
-9.780771309973135264e-02
-6.932015493413873353e-01
-1.967697327753295256e-01
-3.805300228329586143e-01
4.091525964968406370e+00
3.020203748630092111e+00
4.464891345447013493e-01
-9.962920968191342486e-02
-6.920351117604049973e-01
-1.977786073644724196e-01
-3.833833724192050041e-01
4.091525953595415821e+00
3.020203531798495877e+00
4.930297362840493913e-01
-1.012847522747690604e-01
-6.897732991795555435e-01
-1.968227060899126746e-01
-3.860546299725092778e-01
4.091525942222426160e+00
3.020204292413379399e+00
5.553291079952159537e-01
-1.024993157984661618e-01
-6.888769855727362446e-01
-1.962886555186811877e-01
-2.998869745955424548e+00
3.099431982462643176e-01
1.429450058443135392e-02
-4.552405679563374941e-01
1.772459584084353779e+00
-2.043009631261569758e-01
-3.657625574730570817e-01
-3.580736308494019138e-01
-1.163158764621531338e-01
3.193945053453010052e-01
-9.154520750009953467e-02
-6.937977542782798324e-01
-1.979597741923523058e-01
-3.687846519070303031e-01
4.091423501111139061e+00
3.020204176611099633e+00
3.371463879227249993e-01
-9.250550842557202225e-02
-6.924649036529186841e-01
-1.975540667578386533e-01
-3.718383689486116084e-01
4.091440699273284132e+00
3.020203953943193742e+00
3.574842364411935924e-01
-9.463192311006946023e-02
-6.917577720820489162e-01
-1.971321882474088294e-01
-3.749066984650730738e-01
4.092261742178018302e+00
3.020203933851863365e+00
3.813725677983498819e-01
-9.625309828665118417e-02
-6.906524994267705386e-01
-1.969368183458160559e-01
-3.777715348163968034e-01
4.092261730825642374e+00
3.020203813721318742e+00
4.104384758033142733e-01
-9.780771309973135264e-02
-6.932015493413873353e-01
-1.967697327753295256e-01
-3.805300228329586143e-01
4.091525964968406370e+00
3.020203748630092111e+00
4.464891345447013493e-01
-9.962920968191342486e-02
-6.920351117604049973e-01
-1.977786073644724196e-01
-3.833833724192050041e-01
4.091525953595415821e+00
3.020203531798495877e+00
4.930297362840493913e-01
-1.012847522747690604e-01
-6.897732991795555435e-01
-1.968227060899126746e-01
-3.860546299725092778e-01
4.091525942222426160e+00
3.020204292413379399e+00
5.553291079952159537e-01
-1.024993157984661618e-01
-6.888769855727362446e-01
-1.962886555186811877e-01
-2.998869745955424548e+00
3.099431982462643176e-01
1.429450058443135392e-02
-4.552405679563374941e-01
1.772459584084353779e+00
-1.827009760973169195e-01
-9.917785117430265585e-01
-3.675098931663169921e+00
