-3.592034966672922880e-01
-3.503568253378839259e-01
5.590812230143543671e-03
5.376416377345152320e-01
7.737470836839229760e-01
-8.011342783877634099e-02
1.083772687448257166e+00
-3.615400779292889388e-01
-2.539811058396893029e-02
-2.975495048136696241e-02
5.330798063330409731e-01
7.931611975110112178e-01
-7.276476553760809207e-02
1.085199532436694314e+00
-3.638777933612583060e-01
-2.539871536179674760e-02
-2.976071312350854828e-02
5.326105169820632979e-01
8.070413532722738870e-01
-6.715418116520809055e-02
1.085714253236918392e+00
-3.662616537989835108e-01
-2.538351493925617569e-02
-2.971762144425975707e-02
5.372096670953268038e-01
8.269083115306486986e-01
-6.292204044231278215e-02
1.086196933323934743e+00
-3.684766780552167775e-01
-2.538351545444198984e-02
-2.970337970395293611e-02
5.463807787512365843e-01
8.464140611801801439e-01
-5.845859868283036220e-02
1.086775117751470177e+00
-3.706823136949201625e-01
-2.539662026201896725e-02
-2.966594241786326552e-02
5.749001539309841480e-01
8.597989742781562139e-01
-6.094789227007307852e-02
1.083379240549139366e+00
-3.730678242404866785e-01
-2.539662076883452899e-02
-2.965682103213451021e-02
6.187099584216786408e-01
8.746045584515098614e-01
-5.674958768833954226e-02
1.080635483242353700e+00
-3.753383934696783997e-01
-2.539662148869200123e-02
-2.964146519568545621e-02
6.826552082425221268e-01
8.822641516391422911e-01
-5.599801099145589045e-02
1.078167071761699569e+00
1.920067841409509382e-02
2.143789062898509290e-01
-1.234818671837542153e-01
2.178173040130361449e-01
-2.059665903578236645e-02
-8.676421900605199578e-02
-3.592034966672922880e-01
-3.503568253378839259e-01
5.590812230143543671e-03
5.376416377345152320e-01
7.737470836839229760e-01
-8.011342783877634099e-02
1.083772687448257166e+00
-3.615400779292889388e-01
-2.539811058396893029e-02
-2.975495048136696241e-02
5.330798063330409731e-01
7.931611975110112178e-01
-7.276476553760809207e-02
1.085199532436694314e+00
-3.638777933612583060e-01
-2.539871536179674760e-02
-2.976071312350854828e-02
5.326105169820632979e-01
8.070413532722738870e-01
-6.715418116520809055e-02
1.085714253236918392e+00
-3.662616537989835108e-01
-2.538351493925617569e-02
-2.971762144425975707e-02
5.372096670953268038e-01
8.269083115306486986e-01
-6.292204044231278215e-02
1.086196933323934743e+00
-3.684766780552167775e-01
-2.538351545444198984e-02
-2.970337970395293611e-02
5.463807787512365843e-01
8.464140611801801439e-01
-5.845859868283036220e-02
1.086775117751470177e+00
-3.706823136949201625e-01
-2.539662026201896725e-02
-2.966594241786326552e-02
5.749001539309841480e-01
8.597989742781562139e-01
-6.094789227007307852e-02
1.083379240549139366e+00
-3.730678242404866785e-01
-2.539662076883452899e-02
-2.965682103213451021e-02
6.187099584216786408e-01
8.746045584515098614e-01
-5.674958768833954226e-02
1.080635483242353700e+00
-3.753383934696783997e-01
-2.539662148869200123e-02
-2.964146519568545621e-02
6.826552082425221268e-01
8.822641516391422911e-01
-5.599801099145589045e-02
1.078167071761699569e+00
1.920067841409509382e-02
2.143789062898509290e-01
-1.234818671837542153e-01
2.178173040130361449e-01
-2.059665903578236645e-02
-7.288655933893915806e-02
-3.592034966672922880e-01
-3.503568253378839259e-01
5.590812230143543671e-03
5.376416377345152320e-01
7.737470836839229760e-01
-8.011342783877634099e-02
1.083772687448257166e+00
-3.615400779292889388e-01
-2.539811058396893029e-02
-2.975495048136696241e-02
5.330798063330409731e-01
7.931611975110112178e-01
-7.276476553760809207e-02
1.085199532436694314e+00
-3.638777933612583060e-01
-2.539871536179674760e-02
-2.976071312350854828e-02
5.326105169820632979e-01
8.070413532722738870e-01
-6.715418116520809055e-02
1.085714253236918392e+00
-3.662616537989835108e-01
-2.538351493925617569e-02
-2.971762144425975707e-02
5.372096670953268038e-01
8.269083115306486986e-01
-6.292204044231278215e-02
1.086196933323934743e+00
-3.684766780552167775e-01
-2.538351545444198984e-02
-2.970337970395293611e-02
5.463807787512365843e-01
8.464140611801801439e-01
-5.845859868283036220e-02
1.086775117751470177e+00
-3.706823136949201625e-01
-2.539662026201896725e-02
-2.966594241786326552e-02
5.749001539309841480e-01
8.597989742781562139e-01
-6.094789227007307852e-02
1.083379240549139366e+00
-3.730678242404866785e-01
-2.539662076883452899e-02
-2.965682103213451021e-02
6.187099584216786408e-01
8.746045584515098614e-01
-5.674958768833954226e-02
1.080635483242353700e+00
-3.753383934696783997e-01
-2.539662148869200123e-02
-2.964146519568545621e-02
6.826552082425221268e-01
8.822641516391422911e-01
-5.599801099145589045e-02
1.078167071761699569e+00
1.920067841409509382e-02
2.143789062898509290e-01
-1.234818671837542153e-01
2.178173040130361449e-01
-2.059665903578236645e-02
-6.583140244303950506e-02
-3.592034966672922880e-01
-3.503568253378839259e-01
5.590812230143543671e-03
5.376416377345152320e-01
7.737470836839229760e-01
-8.011342783877634099e-02
1.083772687448257166e+00
-3.615400779292889388e-01
-2.539811058396893029e-02
-2.975495048136696241e-02
5.330798063330409731e-01
7.931611975110112178e-01
-7.276476553760809207e-02
1.085199532436694314e+00
-3.638777933612583060e-01
-2.539871536179674760e-02
-2.976071312350854828e-02
5.326105169820632979e-01
8.070413532722738870e-01
-6.715418116520809055e-02
1.085714253236918392e+00
-3.662616537989835108e-01
-2.538351493925617569e-02
-2.971762144425975707e-02
5.372096670953268038e-01
8.269083115306486986e-01
-6.292204044231278215e-02
1.086196933323934743e+00
-3.684766780552167775e-01
-2.538351545444198984e-02
-2.970337970395293611e-02
5.463807787512365843e-01
8.464140611801801439e-01
-5.845859868283036220e-02
1.086775117751470177e+00
-3.706823136949201625e-01
-2.539662026201896725e-02
-2.966594241786326552e-02
5.749001539309841480e-01
8.597989742781562139e-01
-6.094789227007307852e-02
1.083379240549139366e+00
-3.730678242404866785e-01
-2.539662076883452899e-02
-2.965682103213451021e-02
6.187099584216786408e-01
8.746045584515098614e-01
-5.674958768833954226e-02
1.080635483242353700e+00
-3.753383934696783997e-01
-2.539662148869200123e-02
-2.964146519568545621e-02
6.826552082425221268e-01
8.822641516391422911e-01
-5.599801099145589045e-02
1.078167071761699569e+00
1.920067841409509382e-02
2.143789062898509290e-01
-1.234818671837542153e-01
2.178173040130361449e-01
-2.059665903578236645e-02
-7.026619992708257878e-02
-3.592034966672922880e-01
-3.503568253378839259e-01
5.590812230143543671e-03
5.376416377345152320e-01
7.737470836839229760e-01
-8.011342783877634099e-02
1.083772687448257166e+00
-3.615400779292889388e-01
-2.539811058396893029e-02
-2.975495048136696241e-02
5.330798063330409731e-01
7.931611975110112178e-01
-7.276476553760809207e-02
1.085199532436694314e+00
-3.638777933612583060e-01
-2.539871536179674760e-02
-2.976071312350854828e-02
5.326105169820632979e-01
8.070413532722738870e-01
-6.715418116520809055e-02
1.085714253236918392e+00
-3.662616537989835108e-01
-2.538351493925617569e-02
-2.971762144425975707e-02
5.372096670953268038e-01
8.269083115306486986e-01
-6.292204044231278215e-02
1.086196933323934743e+00
-3.684766780552167775e-01
-2.538351545444198984e-02
-2.970337970395293611e-02
5.463807787512365843e-01
8.464140611801801439e-01
-5.845859868283036220e-02
1.086775117751470177e+00
-3.706823136949201625e-01
-2.539662026201896725e-02
-2.966594241786326552e-02
5.749001539309841480e-01
8.597989742781562139e-01
-6.094789227007307852e-02
1.083379240549139366e+00
-3.730678242404866785e-01
-2.539662076883452899e-02
-2.965682103213451021e-02
6.187099584216786408e-01
8.746045584515098614e-01
-5.674958768833954226e-02
1.080635483242353700e+00
-3.753383934696783997e-01
-2.539662148869200123e-02
-2.964146519568545621e-02
6.826552082425221268e-01
8.822641516391422911e-01
-5.599801099145589045e-02
1.078167071761699569e+00
1.920067841409509382e-02
2.143789062898509290e-01
-1.234818671837542153e-01
2.178173040130361449e-01
-2.059665903578236645e-02
-6.951756179428969507e-02
-3.592034966672922880e-01
-3.503568253378839259e-01
5.590812230143543671e-03
5.376416377345152320e-01
7.737470836839229760e-01
-8.011342783877634099e-02
1.083772687448257166e+00
-3.615400779292889388e-01
-2.539811058396893029e-02
-2.975495048136696241e-02
5.330798063330409731e-01
7.931611975110112178e-01
-7.276476553760809207e-02
1.085199532436694314e+00
-3.638777933612583060e-01
-2.539871536179674760e-02
-2.976071312350854828e-02
5.326105169820632979e-01
8.070413532722738870e-01
-6.715418116520809055e-02
1.085714253236918392e+00
-3.662616537989835108e-01
-2.538351493925617569e-02
-2.971762144425975707e-02
5.372096670953268038e-01
8.269083115306486986e-01
-6.292204044231278215e-02
1.086196933323934743e+00
-3.684766780552167775e-01
-2.538351545444198984e-02
-2.970337970395293611e-02
5.463807787512365843e-01
8.464140611801801439e-01
-5.845859868283036220e-02
1.086775117751470177e+00
-3.706823136949201625e-01
-2.539662026201896725e-02
-2.966594241786326552e-02
5.749001539309841480e-01
8.597989742781562139e-01
-6.094789227007307852e-02
1.083379240549139366e+00
-3.730678242404866785e-01
-2.539662076883452899e-02
-2.965682103213451021e-02
6.187099584216786408e-01
8.746045584515098614e-01
-5.674958768833954226e-02
1.080635483242353700e+00
-3.753383934696783997e-01
-2.539662148869200123e-02
-2.964146519568545621e-02
6.826552082425221268e-01
8.822641516391422911e-01
-5.599801099145589045e-02
1.078167071761699569e+00
1.920067841409509382e-02
2.143789062898509290e-01
-1.234818671837542153e-01
2.178173040130361449e-01
-2.059665903578236645e-02
-7.411670400325329200e-02
-3.592034966672922880e-01
-3.503568253378839259e-01
5.590812230143543671e-03
5.376416377345152320e-01
7.737470836839229760e-01
-8.011342783877634099e-02
1.083772687448257166e+00
-3.615400779292889388e-01
-2.539811058396893029e-02
-2.975495048136696241e-02
5.330798063330409731e-01
7.931611975110112178e-01
-7.276476553760809207e-02
1.085199532436694314e+00
-3.638777933612583060e-01
-2.539871536179674760e-02
-2.976071312350854828e-02
5.326105169820632979e-01
8.070413532722738870e-01
-6.715418116520809055e-02
1.085714253236918392e+00
-3.662616537989835108e-01
-2.538351493925617569e-02
-2.971762144425975707e-02
5.372096670953268038e-01
8.269083115306486986e-01
-6.292204044231278215e-02
1.086196933323934743e+00
-3.684766780552167775e-01
-2.538351545444198984e-02
-2.970337970395293611e-02
5.463807787512365843e-01
8.464140611801801439e-01
-5.845859868283036220e-02
1.086775117751470177e+00
-3.706823136949201625e-01
-2.539662026201896725e-02
-2.966594241786326552e-02
5.749001539309841480e-01
8.597989742781562139e-01
-6.094789227007307852e-02
1.083379240549139366e+00
-3.730678242404866785e-01
-2.539662076883452899e-02
-2.965682103213451021e-02
6.187099584216786408e-01
8.746045584515098614e-01
-5.674958768833954226e-02
1.080635483242353700e+00
-3.753383934696783997e-01
-2.539662148869200123e-02
-2.964146519568545621e-02
6.826552082425221268e-01
8.822641516391422911e-01
-5.599801099145589045e-02
1.078167071761699569e+00
1.920067841409509382e-02
2.143789062898509290e-01
-1.234818671837542153e-01
2.178173040130361449e-01
-2.059665903578236645e-02
-7.621382712202123821e-02
-3.592034966672922880e-01
-3.503568253378839259e-01
5.590812230143543671e-03
5.376416377345152320e-01
7.737470836839229760e-01
-8.011342783877634099e-02
1.083772687448257166e+00
-3.615400779292889388e-01
-2.539811058396893029e-02
-2.975495048136696241e-02
5.330798063330409731e-01
7.931611975110112178e-01
-7.276476553760809207e-02
1.085199532436694314e+00
-3.638777933612583060e-01
-2.539871536179674760e-02
-2.976071312350854828e-02
5.326105169820632979e-01
8.070413532722738870e-01
-6.715418116520809055e-02
1.085714253236918392e+00
-3.662616537989835108e-01
-2.538351493925617569e-02
-2.971762144425975707e-02
5.372096670953268038e-01
8.269083115306486986e-01
-6.292204044231278215e-02
1.086196933323934743e+00
-3.684766780552167775e-01
-2.538351545444198984e-02
-2.970337970395293611e-02
5.463807787512365843e-01
8.464140611801801439e-01
-5.845859868283036220e-02
1.086775117751470177e+00
-3.706823136949201625e-01
-2.539662026201896725e-02
-2.966594241786326552e-02
5.749001539309841480e-01
8.597989742781562139e-01
-6.094789227007307852e-02
1.083379240549139366e+00
-3.730678242404866785e-01
-2.539662076883452899e-02
-2.965682103213451021e-02
6.187099584216786408e-01
8.746045584515098614e-01
-5.674958768833954226e-02
1.080635483242353700e+00
-3.753383934696783997e-01
-2.539662148869200123e-02
-2.964146519568545621e-02
6.826552082425221268e-01
8.822641516391422911e-01
-5.599801099145589045e-02
1.078167071761699569e+00
1.920067841409509382e-02
2.143789062898509290e-01
-1.234818671837542153e-01
2.178173040130361449e-01
-2.059665903578236645e-02
-7.820913859132139212e-02
-3.592034966672922880e-01
-3.503568253378839259e-01
5.590812230143543671e-03
5.376416377345152320e-01
7.737470836839229760e-01
-8.011342783877634099e-02
1.083772687448257166e+00
-3.615400779292889388e-01
-2.539811058396893029e-02
-2.975495048136696241e-02
5.330798063330409731e-01
7.931611975110112178e-01
-7.276476553760809207e-02
1.085199532436694314e+00
-3.638777933612583060e-01
-2.539871536179674760e-02
-2.976071312350854828e-02
5.326105169820632979e-01
8.070413532722738870e-01
-6.715418116520809055e-02
1.085714253236918392e+00
-3.662616537989835108e-01
-2.538351493925617569e-02
-2.971762144425975707e-02
5.372096670953268038e-01
8.269083115306486986e-01
-6.292204044231278215e-02
1.086196933323934743e+00
-3.684766780552167775e-01
-2.538351545444198984e-02
-2.970337970395293611e-02
5.463807787512365843e-01
8.464140611801801439e-01
-5.845859868283036220e-02
1.086775117751470177e+00
-3.706823136949201625e-01
-2.539662026201896725e-02
-2.966594241786326552e-02
5.749001539309841480e-01
8.597989742781562139e-01
-6.094789227007307852e-02
1.083379240549139366e+00
-3.730678242404866785e-01
-2.539662076883452899e-02
-2.965682103213451021e-02
6.187099584216786408e-01
8.746045584515098614e-01
-5.674958768833954226e-02
1.080635483242353700e+00
-3.753383934696783997e-01
-2.539662148869200123e-02
-2.964146519568545621e-02
6.826552082425221268e-01
8.822641516391422911e-01
-5.599801099145589045e-02
1.078167071761699569e+00
1.920067841409509382e-02
2.143789062898509290e-01
-1.234818671837542153e-01
2.178173040130361449e-01
-2.059665903578236645e-02
-7.122392431690995063e-02
-3.592034966672922880e-01
-3.503568253378839259e-01
5.590812230143543671e-03
5.376416377345152320e-01
7.737470836839229760e-01
-8.011342783877634099e-02
1.083772687448257166e+00
-3.615400779292889388e-01
-2.539811058396893029e-02
-2.975495048136696241e-02
5.330798063330409731e-01
7.931611975110112178e-01
-7.276476553760809207e-02
1.085199532436694314e+00
-3.638777933612583060e-01
-2.539871536179674760e-02
-2.976071312350854828e-02
5.326105169820632979e-01
8.070413532722738870e-01
-6.715418116520809055e-02
1.085714253236918392e+00
-3.662616537989835108e-01
-2.538351493925617569e-02
-2.971762144425975707e-02
5.372096670953268038e-01
8.269083115306486986e-01
-6.292204044231278215e-02
1.086196933323934743e+00
-3.684766780552167775e-01
-2.538351545444198984e-02
-2.970337970395293611e-02
5.463807787512365843e-01
8.464140611801801439e-01
-5.845859868283036220e-02
1.086775117751470177e+00
-3.706823136949201625e-01
-2.539662026201896725e-02
-2.966594241786326552e-02
5.749001539309841480e-01
8.597989742781562139e-01
-6.094789227007307852e-02
1.083379240549139366e+00
-3.730678242404866785e-01
-2.539662076883452899e-02
-2.965682103213451021e-02
6.187099584216786408e-01
8.746045584515098614e-01
-5.674958768833954226e-02
1.080635483242353700e+00
-3.753383934696783997e-01
-2.539662148869200123e-02
-2.964146519568545621e-02
6.826552082425221268e-01
8.822641516391422911e-01
-5.599801099145589045e-02
1.078167071761699569e+00
1.920067841409509382e-02
2.143789062898509290e-01
-1.234818671837542153e-01
2.178173040130361449e-01
-2.059665903578236645e-02
-7.910943723444090192e-02
-9.364567430589453290e-01
-2.400633735072285960e-02
