-2.888106951597141370e-01
-2.938592725014803619e-01
7.890810325170603823e-02
-2.534763099208363693e-02
5.679669383830720369e-02
-7.398048909358898029e-02
5.193509489093187104e-02
-2.907467278178606507e-01
-2.539809729605364483e-02
-2.957186435102601013e-02
-2.522731903520161745e-02
5.661254385022630731e-02
-7.947913120599779668e-02
4.950286575189191685e-02
-2.931999744336393765e-01
-2.539870210287315314e-02
-2.951276501327615431e-02
-2.517376980317318977e-02
5.576539112379439583e-02
-8.339945427525888300e-02
4.738519350479047931e-02
-2.918797616001209128e-01
-2.538350070506656397e-02
-2.954326700141901921e-02
-2.531155148562448665e-02
5.784988629146291944e-02
-8.559833887429788013e-02
4.601775496624210121e-02
-2.905344381467894754e-01
-2.538350056322986881e-02
-2.951870328063952234e-02
-2.537138799549529949e-02
5.751122581969803083e-02
-8.597192408208959025e-02
4.560099271836937779e-02
-2.831965321725489759e-01
-2.539660276229706998e-02
-2.951787191461322304e-02
-2.555146298591240775e-02
6.076556080456073372e-02
-7.410927888971909072e-02
4.998971809829846208e-02
-2.782629437735631428e-01
-2.539660168992448688e-02
-2.951584089503607802e-02
-2.583450748949132555e-02
6.221351001246809564e-02
-7.335366804314988332e-02
4.886729286942516348e-02
-2.715940894281170248e-01
-2.539660027504661230e-02
-2.944765407630911894e-02
-2.647474838107900796e-02
6.044493057656293022e-02
-6.503492269346033972e-02
5.123753632372739231e-02
3.748678283544822076e-02
3.714610337038216081e-01
7.778180099433108785e-02
3.734742259313181267e-01
-1.903627611557636573e-02
-8.748524762487848438e-02
-2.888106951597141370e-01
-2.938592725014803619e-01
7.890810325170603823e-02
-2.534763099208363693e-02
5.679669383830720369e-02
-7.398048909358898029e-02
5.193509489093187104e-02
-2.907467278178606507e-01
-2.539809729605364483e-02
-2.957186435102601013e-02
-2.522731903520161745e-02
5.661254385022630731e-02
-7.947913120599779668e-02
4.950286575189191685e-02
-2.931999744336393765e-01
-2.539870210287315314e-02
-2.951276501327615431e-02
-2.517376980317318977e-02
5.576539112379439583e-02
-8.339945427525888300e-02
4.738519350479047931e-02
-2.918797616001209128e-01
-2.538350070506656397e-02
-2.954326700141901921e-02
-2.531155148562448665e-02
5.784988629146291944e-02
-8.559833887429788013e-02
4.601775496624210121e-02
-2.905344381467894754e-01
-2.538350056322986881e-02
-2.951870328063952234e-02
-2.537138799549529949e-02
5.751122581969803083e-02
-8.597192408208959025e-02
4.560099271836937779e-02
-2.831965321725489759e-01
-2.539660276229706998e-02
-2.951787191461322304e-02
-2.555146298591240775e-02
6.076556080456073372e-02
-7.410927888971909072e-02
4.998971809829846208e-02
-2.782629437735631428e-01
-2.539660168992448688e-02
-2.951584089503607802e-02
-2.583450748949132555e-02
6.221351001246809564e-02
-7.335366804314988332e-02
4.886729286942516348e-02
-2.715940894281170248e-01
-2.539660027504661230e-02
-2.944765407630911894e-02
-2.647474838107900796e-02
6.044493057656293022e-02
-6.503492269346033972e-02
5.123753632372739231e-02
3.748678283544822076e-02
3.714610337038216081e-01
7.778180099433108785e-02
3.734742259313181267e-01
-1.903627611557636573e-02
-7.833218002370199995e-02
-2.888106951597141370e-01
-2.938592725014803619e-01
7.890810325170603823e-02
-2.534763099208363693e-02
5.679669383830720369e-02
-7.398048909358898029e-02
5.193509489093187104e-02
-2.907467278178606507e-01
-2.539809729605364483e-02
-2.957186435102601013e-02
-2.522731903520161745e-02
5.661254385022630731e-02
-7.947913120599779668e-02
4.950286575189191685e-02
-2.931999744336393765e-01
-2.539870210287315314e-02
-2.951276501327615431e-02
-2.517376980317318977e-02
5.576539112379439583e-02
-8.339945427525888300e-02
4.738519350479047931e-02
-2.918797616001209128e-01
-2.538350070506656397e-02
-2.954326700141901921e-02
-2.531155148562448665e-02
5.784988629146291944e-02
-8.559833887429788013e-02
4.601775496624210121e-02
-2.905344381467894754e-01
-2.538350056322986881e-02
-2.951870328063952234e-02
-2.537138799549529949e-02
5.751122581969803083e-02
-8.597192408208959025e-02
4.560099271836937779e-02
-2.831965321725489759e-01
-2.539660276229706998e-02
-2.951787191461322304e-02
-2.555146298591240775e-02
6.076556080456073372e-02
-7.410927888971909072e-02
4.998971809829846208e-02
-2.782629437735631428e-01
-2.539660168992448688e-02
-2.951584089503607802e-02
-2.583450748949132555e-02
6.221351001246809564e-02
-7.335366804314988332e-02
4.886729286942516348e-02
-2.715940894281170248e-01
-2.539660027504661230e-02
-2.944765407630911894e-02
-2.647474838107900796e-02
6.044493057656293022e-02
-6.503492269346033972e-02
5.123753632372739231e-02
3.748678283544822076e-02
3.714610337038216081e-01
7.778180099433108785e-02
3.734742259313181267e-01
-1.903627611557636573e-02
-7.335302638167016942e-02
-2.888106951597141370e-01
-2.938592725014803619e-01
7.890810325170603823e-02
-2.534763099208363693e-02
5.679669383830720369e-02
-7.398048909358898029e-02
5.193509489093187104e-02
-2.907467278178606507e-01
-2.539809729605364483e-02
-2.957186435102601013e-02
-2.522731903520161745e-02
5.661254385022630731e-02
-7.947913120599779668e-02
4.950286575189191685e-02
-2.931999744336393765e-01
-2.539870210287315314e-02
-2.951276501327615431e-02
-2.517376980317318977e-02
5.576539112379439583e-02
-8.339945427525888300e-02
4.738519350479047931e-02
-2.918797616001209128e-01
-2.538350070506656397e-02
-2.954326700141901921e-02
-2.531155148562448665e-02
5.784988629146291944e-02
-8.559833887429788013e-02
4.601775496624210121e-02
-2.905344381467894754e-01
-2.538350056322986881e-02
-2.951870328063952234e-02
-2.537138799549529949e-02
5.751122581969803083e-02
-8.597192408208959025e-02
4.560099271836937779e-02
-2.831965321725489759e-01
-2.539660276229706998e-02
-2.951787191461322304e-02
-2.555146298591240775e-02
6.076556080456073372e-02
-7.410927888971909072e-02
4.998971809829846208e-02
-2.782629437735631428e-01
-2.539660168992448688e-02
-2.951584089503607802e-02
-2.583450748949132555e-02
6.221351001246809564e-02
-7.335366804314988332e-02
4.886729286942516348e-02
-2.715940894281170248e-01
-2.539660027504661230e-02
-2.944765407630911894e-02
-2.647474838107900796e-02
6.044493057656293022e-02
-6.503492269346033972e-02
5.123753632372739231e-02
3.748678283544822076e-02
3.714610337038216081e-01
7.778180099433108785e-02
3.734742259313181267e-01
-1.903627611557636573e-02
-7.691820283499675726e-02
-2.888106951597141370e-01
-2.938592725014803619e-01
7.890810325170603823e-02
-2.534763099208363693e-02
5.679669383830720369e-02
-7.398048909358898029e-02
5.193509489093187104e-02
-2.907467278178606507e-01
-2.539809729605364483e-02
-2.957186435102601013e-02
-2.522731903520161745e-02
5.661254385022630731e-02
-7.947913120599779668e-02
4.950286575189191685e-02
-2.931999744336393765e-01
-2.539870210287315314e-02
-2.951276501327615431e-02
-2.517376980317318977e-02
5.576539112379439583e-02
-8.339945427525888300e-02
4.738519350479047931e-02
-2.918797616001209128e-01
-2.538350070506656397e-02
-2.954326700141901921e-02
-2.531155148562448665e-02
5.784988629146291944e-02
-8.559833887429788013e-02
4.601775496624210121e-02
-2.905344381467894754e-01
-2.538350056322986881e-02
-2.951870328063952234e-02
-2.537138799549529949e-02
5.751122581969803083e-02
-8.597192408208959025e-02
4.560099271836937779e-02
-2.831965321725489759e-01
-2.539660276229706998e-02
-2.951787191461322304e-02
-2.555146298591240775e-02
6.076556080456073372e-02
-7.410927888971909072e-02
4.998971809829846208e-02
-2.782629437735631428e-01
-2.539660168992448688e-02
-2.951584089503607802e-02
-2.583450748949132555e-02
6.221351001246809564e-02
-7.335366804314988332e-02
4.886729286942516348e-02
-2.715940894281170248e-01
-2.539660027504661230e-02
-2.944765407630911894e-02
-2.647474838107900796e-02
6.044493057656293022e-02
-6.503492269346033972e-02
5.123753632372739231e-02
3.748678283544822076e-02
3.714610337038216081e-01
7.778180099433108785e-02
3.734742259313181267e-01
-1.903627611557636573e-02
-6.530906632955893465e-02
-2.888106951597141370e-01
-2.938592725014803619e-01
7.890810325170603823e-02
-2.534763099208363693e-02
5.679669383830720369e-02
-7.398048909358898029e-02
5.193509489093187104e-02
-2.907467278178606507e-01
-2.539809729605364483e-02
-2.957186435102601013e-02
-2.522731903520161745e-02
5.661254385022630731e-02
-7.947913120599779668e-02
4.950286575189191685e-02
-2.931999744336393765e-01
-2.539870210287315314e-02
-2.951276501327615431e-02
-2.517376980317318977e-02
5.576539112379439583e-02
-8.339945427525888300e-02
4.738519350479047931e-02
-2.918797616001209128e-01
-2.538350070506656397e-02
-2.954326700141901921e-02
-2.531155148562448665e-02
5.784988629146291944e-02
-8.559833887429788013e-02
4.601775496624210121e-02
-2.905344381467894754e-01
-2.538350056322986881e-02
-2.951870328063952234e-02
-2.537138799549529949e-02
5.751122581969803083e-02
-8.597192408208959025e-02
4.560099271836937779e-02
-2.831965321725489759e-01
-2.539660276229706998e-02
-2.951787191461322304e-02
-2.555146298591240775e-02
6.076556080456073372e-02
-7.410927888971909072e-02
4.998971809829846208e-02
-2.782629437735631428e-01
-2.539660168992448688e-02
-2.951584089503607802e-02
-2.583450748949132555e-02
6.221351001246809564e-02
-7.335366804314988332e-02
4.886729286942516348e-02
-2.715940894281170248e-01
-2.539660027504661230e-02
-2.944765407630911894e-02
-2.647474838107900796e-02
6.044493057656293022e-02
-6.503492269346033972e-02
5.123753632372739231e-02
3.748678283544822076e-02
3.714610337038216081e-01
7.778180099433108785e-02
3.734742259313181267e-01
-1.903627611557636573e-02
-7.022984885603841820e-02
-2.888106951597141370e-01
-2.938592725014803619e-01
7.890810325170603823e-02
-2.534763099208363693e-02
5.679669383830720369e-02
-7.398048909358898029e-02
5.193509489093187104e-02
-2.907467278178606507e-01
-2.539809729605364483e-02
-2.957186435102601013e-02
-2.522731903520161745e-02
5.661254385022630731e-02
-7.947913120599779668e-02
4.950286575189191685e-02
-2.931999744336393765e-01
-2.539870210287315314e-02
-2.951276501327615431e-02
-2.517376980317318977e-02
5.576539112379439583e-02
-8.339945427525888300e-02
4.738519350479047931e-02
-2.918797616001209128e-01
-2.538350070506656397e-02
-2.954326700141901921e-02
-2.531155148562448665e-02
5.784988629146291944e-02
-8.559833887429788013e-02
4.601775496624210121e-02
-2.905344381467894754e-01
-2.538350056322986881e-02
-2.951870328063952234e-02
-2.537138799549529949e-02
5.751122581969803083e-02
-8.597192408208959025e-02
4.560099271836937779e-02
-2.831965321725489759e-01
-2.539660276229706998e-02
-2.951787191461322304e-02
-2.555146298591240775e-02
6.076556080456073372e-02
-7.410927888971909072e-02
4.998971809829846208e-02
-2.782629437735631428e-01
-2.539660168992448688e-02
-2.951584089503607802e-02
-2.583450748949132555e-02
6.221351001246809564e-02
-7.335366804314988332e-02
4.886729286942516348e-02
-2.715940894281170248e-01
-2.539660027504661230e-02
-2.944765407630911894e-02
-2.647474838107900796e-02
6.044493057656293022e-02
-6.503492269346033972e-02
5.123753632372739231e-02
3.748678283544822076e-02
3.714610337038216081e-01
7.778180099433108785e-02
3.734742259313181267e-01
-1.903627611557636573e-02
-7.382453420382296960e-02
-2.888106951597141370e-01
-2.938592725014803619e-01
7.890810325170603823e-02
-2.534763099208363693e-02
5.679669383830720369e-02
-7.398048909358898029e-02
5.193509489093187104e-02
-2.907467278178606507e-01
-2.539809729605364483e-02
-2.957186435102601013e-02
-2.522731903520161745e-02
5.661254385022630731e-02
-7.947913120599779668e-02
4.950286575189191685e-02
-2.931999744336393765e-01
-2.539870210287315314e-02
-2.951276501327615431e-02
-2.517376980317318977e-02
5.576539112379439583e-02
-8.339945427525888300e-02
4.738519350479047931e-02
-2.918797616001209128e-01
-2.538350070506656397e-02
-2.954326700141901921e-02
-2.531155148562448665e-02
5.784988629146291944e-02
-8.559833887429788013e-02
4.601775496624210121e-02
-2.905344381467894754e-01
-2.538350056322986881e-02
-2.951870328063952234e-02
-2.537138799549529949e-02
5.751122581969803083e-02
-8.597192408208959025e-02
4.560099271836937779e-02
-2.831965321725489759e-01
-2.539660276229706998e-02
-2.951787191461322304e-02
-2.555146298591240775e-02
6.076556080456073372e-02
-7.410927888971909072e-02
4.998971809829846208e-02
-2.782629437735631428e-01
-2.539660168992448688e-02
-2.951584089503607802e-02
-2.583450748949132555e-02
6.221351001246809564e-02
-7.335366804314988332e-02
4.886729286942516348e-02
-2.715940894281170248e-01
-2.539660027504661230e-02
-2.944765407630911894e-02
-2.647474838107900796e-02
6.044493057656293022e-02
-6.503492269346033972e-02
5.123753632372739231e-02
3.748678283544822076e-02
3.714610337038216081e-01
7.778180099433108785e-02
3.734742259313181267e-01
-1.903627611557636573e-02
-7.621995716689891620e-02
-2.888106951597141370e-01
-2.938592725014803619e-01
7.890810325170603823e-02
-2.534763099208363693e-02
5.679669383830720369e-02
-7.398048909358898029e-02
5.193509489093187104e-02
-2.907467278178606507e-01
-2.539809729605364483e-02
-2.957186435102601013e-02
-2.522731903520161745e-02
5.661254385022630731e-02
-7.947913120599779668e-02
4.950286575189191685e-02
-2.931999744336393765e-01
-2.539870210287315314e-02
-2.951276501327615431e-02
-2.517376980317318977e-02
5.576539112379439583e-02
-8.339945427525888300e-02
4.738519350479047931e-02
-2.918797616001209128e-01
-2.538350070506656397e-02
-2.954326700141901921e-02
-2.531155148562448665e-02
5.784988629146291944e-02
-8.559833887429788013e-02
4.601775496624210121e-02
-2.905344381467894754e-01
-2.538350056322986881e-02
-2.951870328063952234e-02
-2.537138799549529949e-02
5.751122581969803083e-02
-8.597192408208959025e-02
4.560099271836937779e-02
-2.831965321725489759e-01
-2.539660276229706998e-02
-2.951787191461322304e-02
-2.555146298591240775e-02
6.076556080456073372e-02
-7.410927888971909072e-02
4.998971809829846208e-02
-2.782629437735631428e-01
-2.539660168992448688e-02
-2.951584089503607802e-02
-2.583450748949132555e-02
6.221351001246809564e-02
-7.335366804314988332e-02
4.886729286942516348e-02
-2.715940894281170248e-01
-2.539660027504661230e-02
-2.944765407630911894e-02
-2.647474838107900796e-02
6.044493057656293022e-02
-6.503492269346033972e-02
5.123753632372739231e-02
3.748678283544822076e-02
3.714610337038216081e-01
7.778180099433108785e-02
3.734742259313181267e-01
-1.903627611557636573e-02
-6.701677906143257979e-02
-2.888106951597141370e-01
-2.938592725014803619e-01
7.890810325170603823e-02
-2.534763099208363693e-02
5.679669383830720369e-02
-7.398048909358898029e-02
5.193509489093187104e-02
-2.907467278178606507e-01
-2.539809729605364483e-02
-2.957186435102601013e-02
-2.522731903520161745e-02
5.661254385022630731e-02
-7.947913120599779668e-02
4.950286575189191685e-02
-2.931999744336393765e-01
-2.539870210287315314e-02
-2.951276501327615431e-02
-2.517376980317318977e-02
5.576539112379439583e-02
-8.339945427525888300e-02
4.738519350479047931e-02
-2.918797616001209128e-01
-2.538350070506656397e-02
-2.954326700141901921e-02
-2.531155148562448665e-02
5.784988629146291944e-02
-8.559833887429788013e-02
4.601775496624210121e-02
-2.905344381467894754e-01
-2.538350056322986881e-02
-2.951870328063952234e-02
-2.537138799549529949e-02
5.751122581969803083e-02
-8.597192408208959025e-02
4.560099271836937779e-02
-2.831965321725489759e-01
-2.539660276229706998e-02
-2.951787191461322304e-02
-2.555146298591240775e-02
6.076556080456073372e-02
-7.410927888971909072e-02
4.998971809829846208e-02
-2.782629437735631428e-01
-2.539660168992448688e-02
-2.951584089503607802e-02
-2.583450748949132555e-02
6.221351001246809564e-02
-7.335366804314988332e-02
4.886729286942516348e-02
-2.715940894281170248e-01
-2.539660027504661230e-02
-2.944765407630911894e-02
-2.647474838107900796e-02
6.044493057656293022e-02
-6.503492269346033972e-02
5.123753632372739231e-02
3.748678283544822076e-02
3.714610337038216081e-01
7.778180099433108785e-02
3.734742259313181267e-01
-1.903627611557636573e-02
-7.218427338648435165e-02
-8.326735681502697162e-01
1.535588371244037409e-01
