-3.736423234478999378e-01
-3.580736308494020803e-01
-1.163158764621531477e-01
3.278505581054023565e+00
1.021463069978444604e+00
-1.927570819535640856e-01
1.121356753960401686e+00
-3.764479584794195866e-01
1.037590368934196254e-02
5.122048280460212571e-02
3.332214918835233242e+00
9.895230059457653660e-01
-1.935313199435387821e-01
1.112846102747643062e+00
-3.790774667920244201e-01
1.044969270893214564e-02
5.121486714438507754e-02
3.364528688319117222e+00
9.645033099737144733e-01
-1.902777541091427438e-01
1.112403787501846431e+00
-3.814227068604980064e-01
1.036672649026640011e-02
5.123380924934713837e-02
3.357016851684855308e+00
9.187434767953058801e-01
-1.868763854914299305e-01
1.109914671997429991e+00
-3.831268546120125129e-01
1.036672713636883902e-02
5.123236556793526325e-02
3.311176411014379983e+00
8.756964399098545737e-01
-1.825563642679121357e-01
1.110423049321669131e+00
-3.833864986587267598e-01
1.044515942954287423e-02
5.129448076536374107e-02
3.044178024884154787e+00
8.816385600830296543e-01
-1.808712236665484530e-01
1.084123814467782498e+00
-3.827605349227469200e-01
1.044516028267044802e-02
5.133460270123905295e-02
2.662285753846499681e+00
8.770543259773366795e-01
-1.543728038439328709e-01
1.103138127608697561e+00
-3.820275027436799697e-01
1.044516167229191279e-02
5.150159667993318285e-02
2.179509104326898594e+00
9.356521192537807785e-01
-1.256920423815326704e-01
1.125751991040063293e+00
-5.934216368111117773e-02
-4.507683276122700228e-02
-1.114887312568767219e-01
-4.689877049288987410e-02
3.026383275181737664e-01
-1.149515222615946908e-01
-3.736423234478999378e-01
-3.580736308494020803e-01
-1.163158764621531477e-01
3.278505581054023565e+00
1.021463069978444604e+00
-1.927570819535640856e-01
1.121356753960401686e+00
-3.764479584794195866e-01
1.037590368934196254e-02
5.122048280460212571e-02
3.332214918835233242e+00
9.895230059457653660e-01
-1.935313199435387821e-01
1.112846102747643062e+00
-3.790774667920244201e-01
1.044969270893214564e-02
5.121486714438507754e-02
3.364528688319117222e+00
9.645033099737144733e-01
-1.902777541091427438e-01
1.112403787501846431e+00
-3.814227068604980064e-01
1.036672649026640011e-02
5.123380924934713837e-02
3.357016851684855308e+00
9.187434767953058801e-01
-1.868763854914299305e-01
1.109914671997429991e+00
-3.831268546120125129e-01
1.036672713636883902e-02
5.123236556793526325e-02
3.311176411014379983e+00
8.756964399098545737e-01
-1.825563642679121357e-01
1.110423049321669131e+00
-3.833864986587267598e-01
1.044515942954287423e-02
5.129448076536374107e-02
3.044178024884154787e+00
8.816385600830296543e-01
-1.808712236665484530e-01
1.084123814467782498e+00
-3.827605349227469200e-01
1.044516028267044802e-02
5.133460270123905295e-02
2.662285753846499681e+00
8.770543259773366795e-01
-1.543728038439328709e-01
1.103138127608697561e+00
-3.820275027436799697e-01
1.044516167229191279e-02
5.150159667993318285e-02
2.179509104326898594e+00
9.356521192537807785e-01
-1.256920423815326704e-01
1.125751991040063293e+00
-5.934216368111117773e-02
-4.507683276122700228e-02
-1.114887312568767219e-01
-4.689877049288987410e-02
3.026383275181737664e-01
-1.040226451237257627e-01
-3.736423234478999378e-01
-3.580736308494020803e-01
-1.163158764621531477e-01
3.278505581054023565e+00
1.021463069978444604e+00
-1.927570819535640856e-01
1.121356753960401686e+00
-3.764479584794195866e-01
1.037590368934196254e-02
5.122048280460212571e-02
3.332214918835233242e+00
9.895230059457653660e-01
-1.935313199435387821e-01
1.112846102747643062e+00
-3.790774667920244201e-01
1.044969270893214564e-02
5.121486714438507754e-02
3.364528688319117222e+00
9.645033099737144733e-01
-1.902777541091427438e-01
1.112403787501846431e+00
-3.814227068604980064e-01
1.036672649026640011e-02
5.123380924934713837e-02
3.357016851684855308e+00
9.187434767953058801e-01
-1.868763854914299305e-01
1.109914671997429991e+00
-3.831268546120125129e-01
1.036672713636883902e-02
5.123236556793526325e-02
3.311176411014379983e+00
8.756964399098545737e-01
-1.825563642679121357e-01
1.110423049321669131e+00
-3.833864986587267598e-01
1.044515942954287423e-02
5.129448076536374107e-02
3.044178024884154787e+00
8.816385600830296543e-01
-1.808712236665484530e-01
1.084123814467782498e+00
-3.827605349227469200e-01
1.044516028267044802e-02
5.133460270123905295e-02
2.662285753846499681e+00
8.770543259773366795e-01
-1.543728038439328709e-01
1.103138127608697561e+00
-3.820275027436799697e-01
1.044516167229191279e-02
5.150159667993318285e-02
2.179509104326898594e+00
9.356521192537807785e-01
-1.256920423815326704e-01
1.125751991040063293e+00
-5.934216368111117773e-02
-4.507683276122700228e-02
-1.114887312568767219e-01
-4.689877049288987410e-02
3.026383275181737664e-01
-1.234074715127177757e-01
-3.736423234478999378e-01
-3.580736308494020803e-01
-1.163158764621531477e-01
3.278505581054023565e+00
1.021463069978444604e+00
-1.927570819535640856e-01
1.121356753960401686e+00
-3.764479584794195866e-01
1.037590368934196254e-02
5.122048280460212571e-02
3.332214918835233242e+00
9.895230059457653660e-01
-1.935313199435387821e-01
1.112846102747643062e+00
-3.790774667920244201e-01
1.044969270893214564e-02
5.121486714438507754e-02
3.364528688319117222e+00
9.645033099737144733e-01
-1.902777541091427438e-01
1.112403787501846431e+00
-3.814227068604980064e-01
1.036672649026640011e-02
5.123380924934713837e-02
3.357016851684855308e+00
9.187434767953058801e-01
-1.868763854914299305e-01
1.109914671997429991e+00
-3.831268546120125129e-01
1.036672713636883902e-02
5.123236556793526325e-02
3.311176411014379983e+00
8.756964399098545737e-01
-1.825563642679121357e-01
1.110423049321669131e+00
-3.833864986587267598e-01
1.044515942954287423e-02
5.129448076536374107e-02
3.044178024884154787e+00
8.816385600830296543e-01
-1.808712236665484530e-01
1.084123814467782498e+00
-3.827605349227469200e-01
1.044516028267044802e-02
5.133460270123905295e-02
2.662285753846499681e+00
8.770543259773366795e-01
-1.543728038439328709e-01
1.103138127608697561e+00
-3.820275027436799697e-01
1.044516167229191279e-02
5.150159667993318285e-02
2.179509104326898594e+00
9.356521192537807785e-01
-1.256920423815326704e-01
1.125751991040063293e+00
-5.934216368111117773e-02
-4.507683276122700228e-02
-1.114887312568767219e-01
-4.689877049288987410e-02
3.026383275181737664e-01
-1.241749010874651921e-01
-3.736423234478999378e-01
-3.580736308494020803e-01
-1.163158764621531477e-01
3.278505581054023565e+00
1.021463069978444604e+00
-1.927570819535640856e-01
1.121356753960401686e+00
-3.764479584794195866e-01
1.037590368934196254e-02
5.122048280460212571e-02
3.332214918835233242e+00
9.895230059457653660e-01
-1.935313199435387821e-01
1.112846102747643062e+00
-3.790774667920244201e-01
1.044969270893214564e-02
5.121486714438507754e-02
3.364528688319117222e+00
9.645033099737144733e-01
-1.902777541091427438e-01
1.112403787501846431e+00
-3.814227068604980064e-01
1.036672649026640011e-02
5.123380924934713837e-02
3.357016851684855308e+00
9.187434767953058801e-01
-1.868763854914299305e-01
1.109914671997429991e+00
-3.831268546120125129e-01
1.036672713636883902e-02
5.123236556793526325e-02
3.311176411014379983e+00
8.756964399098545737e-01
-1.825563642679121357e-01
1.110423049321669131e+00
-3.833864986587267598e-01
1.044515942954287423e-02
5.129448076536374107e-02
3.044178024884154787e+00
8.816385600830296543e-01
-1.808712236665484530e-01
1.084123814467782498e+00
-3.827605349227469200e-01
1.044516028267044802e-02
5.133460270123905295e-02
2.662285753846499681e+00
8.770543259773366795e-01
-1.543728038439328709e-01
1.103138127608697561e+00
-3.820275027436799697e-01
1.044516167229191279e-02
5.150159667993318285e-02
2.179509104326898594e+00
9.356521192537807785e-01
-1.256920423815326704e-01
1.125751991040063293e+00
-5.934216368111117773e-02
-4.507683276122700228e-02
-1.114887312568767219e-01
-4.689877049288987410e-02
3.026383275181737664e-01
-1.142129999717344385e-01
-3.736423234478999378e-01
-3.580736308494020803e-01
-1.163158764621531477e-01
3.278505581054023565e+00
1.021463069978444604e+00
-1.927570819535640856e-01
1.121356753960401686e+00
-3.764479584794195866e-01
1.037590368934196254e-02
5.122048280460212571e-02
3.332214918835233242e+00
9.895230059457653660e-01
-1.935313199435387821e-01
1.112846102747643062e+00
-3.790774667920244201e-01
1.044969270893214564e-02
5.121486714438507754e-02
3.364528688319117222e+00
9.645033099737144733e-01
-1.902777541091427438e-01
1.112403787501846431e+00
-3.814227068604980064e-01
1.036672649026640011e-02
5.123380924934713837e-02
3.357016851684855308e+00
9.187434767953058801e-01
-1.868763854914299305e-01
1.109914671997429991e+00
-3.831268546120125129e-01
1.036672713636883902e-02
5.123236556793526325e-02
3.311176411014379983e+00
8.756964399098545737e-01
-1.825563642679121357e-01
1.110423049321669131e+00
-3.833864986587267598e-01
1.044515942954287423e-02
5.129448076536374107e-02
3.044178024884154787e+00
8.816385600830296543e-01
-1.808712236665484530e-01
1.084123814467782498e+00
-3.827605349227469200e-01
1.044516028267044802e-02
5.133460270123905295e-02
2.662285753846499681e+00
8.770543259773366795e-01
-1.543728038439328709e-01
1.103138127608697561e+00
-3.820275027436799697e-01
1.044516167229191279e-02
5.150159667993318285e-02
2.179509104326898594e+00
9.356521192537807785e-01
-1.256920423815326704e-01
1.125751991040063293e+00
-5.934216368111117773e-02
-4.507683276122700228e-02
-1.114887312568767219e-01
-4.689877049288987410e-02
3.026383275181737664e-01
-1.212605694233849923e-01
-3.736423234478999378e-01
-3.580736308494020803e-01
-1.163158764621531477e-01
3.278505581054023565e+00
1.021463069978444604e+00
-1.927570819535640856e-01
1.121356753960401686e+00
-3.764479584794195866e-01
1.037590368934196254e-02
5.122048280460212571e-02
3.332214918835233242e+00
9.895230059457653660e-01
-1.935313199435387821e-01
1.112846102747643062e+00
-3.790774667920244201e-01
1.044969270893214564e-02
5.121486714438507754e-02
3.364528688319117222e+00
9.645033099737144733e-01
-1.902777541091427438e-01
1.112403787501846431e+00
-3.814227068604980064e-01
1.036672649026640011e-02
5.123380924934713837e-02
3.357016851684855308e+00
9.187434767953058801e-01
-1.868763854914299305e-01
1.109914671997429991e+00
-3.831268546120125129e-01
1.036672713636883902e-02
5.123236556793526325e-02
3.311176411014379983e+00
8.756964399098545737e-01
-1.825563642679121357e-01
1.110423049321669131e+00
-3.833864986587267598e-01
1.044515942954287423e-02
5.129448076536374107e-02
3.044178024884154787e+00
8.816385600830296543e-01
-1.808712236665484530e-01
1.084123814467782498e+00
-3.827605349227469200e-01
1.044516028267044802e-02
5.133460270123905295e-02
2.662285753846499681e+00
8.770543259773366795e-01
-1.543728038439328709e-01
1.103138127608697561e+00
-3.820275027436799697e-01
1.044516167229191279e-02
5.150159667993318285e-02
2.179509104326898594e+00
9.356521192537807785e-01
-1.256920423815326704e-01
1.125751991040063293e+00
-5.934216368111117773e-02
-4.507683276122700228e-02
-1.114887312568767219e-01
-4.689877049288987410e-02
3.026383275181737664e-01
-1.228352798826951447e-01
-3.736423234478999378e-01
-3.580736308494020803e-01
-1.163158764621531477e-01
3.278505581054023565e+00
1.021463069978444604e+00
-1.927570819535640856e-01
1.121356753960401686e+00
-3.764479584794195866e-01
1.037590368934196254e-02
5.122048280460212571e-02
3.332214918835233242e+00
9.895230059457653660e-01
-1.935313199435387821e-01
1.112846102747643062e+00
-3.790774667920244201e-01
1.044969270893214564e-02
5.121486714438507754e-02
3.364528688319117222e+00
9.645033099737144733e-01
-1.902777541091427438e-01
1.112403787501846431e+00
-3.814227068604980064e-01
1.036672649026640011e-02
5.123380924934713837e-02
3.357016851684855308e+00
9.187434767953058801e-01
-1.868763854914299305e-01
1.109914671997429991e+00
-3.831268546120125129e-01
1.036672713636883902e-02
5.123236556793526325e-02
3.311176411014379983e+00
8.756964399098545737e-01
-1.825563642679121357e-01
1.110423049321669131e+00
-3.833864986587267598e-01
1.044515942954287423e-02
5.129448076536374107e-02
3.044178024884154787e+00
8.816385600830296543e-01
-1.808712236665484530e-01
1.084123814467782498e+00
-3.827605349227469200e-01
1.044516028267044802e-02
5.133460270123905295e-02
2.662285753846499681e+00
8.770543259773366795e-01
-1.543728038439328709e-01
1.103138127608697561e+00
-3.820275027436799697e-01
1.044516167229191279e-02
5.150159667993318285e-02
2.179509104326898594e+00
9.356521192537807785e-01
-1.256920423815326704e-01
1.125751991040063293e+00
-5.934216368111117773e-02
-4.507683276122700228e-02
-1.114887312568767219e-01
-4.689877049288987410e-02
3.026383275181737664e-01
-1.224108913534266013e-01
-3.736423234478999378e-01
-3.580736308494020803e-01
-1.163158764621531477e-01
3.278505581054023565e+00
1.021463069978444604e+00
-1.927570819535640856e-01
1.121356753960401686e+00
-3.764479584794195866e-01
1.037590368934196254e-02
5.122048280460212571e-02
3.332214918835233242e+00
9.895230059457653660e-01
-1.935313199435387821e-01
1.112846102747643062e+00
-3.790774667920244201e-01
1.044969270893214564e-02
5.121486714438507754e-02
3.364528688319117222e+00
9.645033099737144733e-01
-1.902777541091427438e-01
1.112403787501846431e+00
-3.814227068604980064e-01
1.036672649026640011e-02
5.123380924934713837e-02
3.357016851684855308e+00
9.187434767953058801e-01
-1.868763854914299305e-01
1.109914671997429991e+00
-3.831268546120125129e-01
1.036672713636883902e-02
5.123236556793526325e-02
3.311176411014379983e+00
8.756964399098545737e-01
-1.825563642679121357e-01
1.110423049321669131e+00
-3.833864986587267598e-01
1.044515942954287423e-02
5.129448076536374107e-02
3.044178024884154787e+00
8.816385600830296543e-01
-1.808712236665484530e-01
1.084123814467782498e+00
-3.827605349227469200e-01
1.044516028267044802e-02
5.133460270123905295e-02
2.662285753846499681e+00
8.770543259773366795e-01
-1.543728038439328709e-01
1.103138127608697561e+00
-3.820275027436799697e-01
1.044516167229191279e-02
5.150159667993318285e-02
2.179509104326898594e+00
9.356521192537807785e-01
-1.256920423815326704e-01
1.125751991040063293e+00
-5.934216368111117773e-02
-4.507683276122700228e-02
-1.114887312568767219e-01
-4.689877049288987410e-02
3.026383275181737664e-01
-1.112447003473616136e-01
-3.736423234478999378e-01
-3.580736308494020803e-01
-1.163158764621531477e-01
3.278505581054023565e+00
1.021463069978444604e+00
-1.927570819535640856e-01
1.121356753960401686e+00
-3.764479584794195866e-01
1.037590368934196254e-02
5.122048280460212571e-02
3.332214918835233242e+00
9.895230059457653660e-01
-1.935313199435387821e-01
1.112846102747643062e+00
-3.790774667920244201e-01
1.044969270893214564e-02
5.121486714438507754e-02
3.364528688319117222e+00
9.645033099737144733e-01
-1.902777541091427438e-01
1.112403787501846431e+00
-3.814227068604980064e-01
1.036672649026640011e-02
5.123380924934713837e-02
3.357016851684855308e+00
9.187434767953058801e-01
-1.868763854914299305e-01
1.109914671997429991e+00
-3.831268546120125129e-01
1.036672713636883902e-02
5.123236556793526325e-02
3.311176411014379983e+00
8.756964399098545737e-01
-1.825563642679121357e-01
1.110423049321669131e+00
-3.833864986587267598e-01
1.044515942954287423e-02
5.129448076536374107e-02
3.044178024884154787e+00
8.816385600830296543e-01
-1.808712236665484530e-01
1.084123814467782498e+00
-3.827605349227469200e-01
1.044516028267044802e-02
5.133460270123905295e-02
2.662285753846499681e+00
8.770543259773366795e-01
-1.543728038439328709e-01
1.103138127608697561e+00
-3.820275027436799697e-01
1.044516167229191279e-02
5.150159667993318285e-02
2.179509104326898594e+00
9.356521192537807785e-01
-1.256920423815326704e-01
1.125751991040063293e+00
-5.934216368111117773e-02
-4.507683276122700228e-02
-1.114887312568767219e-01
-4.689877049288987410e-02
3.026383275181737664e-01
-1.176219900645786437e-01
-9.035130424590274156e-01
6.365378254388767698e-02
