1.226994151964879397e-02
6.228105835768727588e-02
-6.355477929043458485e-02
6.557215612462728715e-02
-4.228235003224262156e-02
1.212286876229070123e-02
-8.631748633275881238e-03
6.206526813849646412e-02
-2.539801426733138620e-02
-2.960413025820646596e-02
6.778423649367038006e-02
-5.740496041399340693e-02
1.682783342893805559e-02
-8.417563701614750107e-03
6.992430631727199197e-02
-2.539862087350819655e-02
-2.988900773567164035e-02
7.387387411735286957e-02
-5.422509575210775895e-02
2.376341636021468348e-02
-8.460213212707680744e-03
5.321267187681380517e-02
-2.538342078865595680e-02
-2.997637690376811839e-02
7.817521063078269883e-02
-4.090964389545787699e-02
1.273422452329953276e-02
-4.367646783659626109e-03
8.874824156247061724e-02
-2.538342497986797314e-02
-2.974964390213502216e-02
8.422246192897332728e-02
-5.902929780044416375e-02
2.009979428847986221e-02
-1.098195499908209173e-03
8.856983971230565633e-02
-2.539652728022323558e-02
-2.983376287936943469e-02
9.280899646296844607e-02
-1.102714286540140004e-01
6.910826664900406036e-02
-9.480089868069298655e-04
7.390087281597644553e-02
-2.539652317461105549e-02
-2.991038648279004813e-02
5.748850566154654201e-03
-6.512823548465199175e-02
8.551747467859024954e-02
-1.222203272477718344e-02
6.036216251879542721e-02
-2.539652416187892711e-02
-2.993408281470625112e-02
-6.795833673700867918e-03
-1.545657447241220381e-02
9.345587450583395239e-02
1.170250986815570687e-02
-1.338401065364321907e+00
-1.459197831143602131e-01
1.141272006815730755e+01
1.940752458891620846e-01
1.925290356191827479e-01
1.116365041428233118e+00
1.226994151964879397e-02
6.228105835768727588e-02
-6.355477929043458485e-02
6.557215612462728715e-02
-4.228235003224262156e-02
1.212286876229070123e-02
-8.631748633275881238e-03
6.206526813849646412e-02
-2.539801426733138620e-02
-2.960413025820646596e-02
6.778423649367038006e-02
-5.740496041399340693e-02
1.682783342893805559e-02
-8.417563701614750107e-03
6.992430631727199197e-02
-2.539862087350819655e-02
-2.988900773567164035e-02
7.387387411735286957e-02
-5.422509575210775895e-02
2.376341636021468348e-02
-8.460213212707680744e-03
5.321267187681380517e-02
-2.538342078865595680e-02
-2.997637690376811839e-02
7.817521063078269883e-02
-4.090964389545787699e-02
1.273422452329953276e-02
-4.367646783659626109e-03
8.874824156247061724e-02
-2.538342497986797314e-02
-2.974964390213502216e-02
8.422246192897332728e-02
-5.902929780044416375e-02
2.009979428847986221e-02
-1.098195499908209173e-03
8.856983971230565633e-02
-2.539652728022323558e-02
-2.983376287936943469e-02
9.280899646296844607e-02
-1.102714286540140004e-01
6.910826664900406036e-02
-9.480089868069298655e-04
7.390087281597644553e-02
-2.539652317461105549e-02
-2.991038648279004813e-02
5.748850566154654201e-03
-6.512823548465199175e-02
8.551747467859024954e-02
-1.222203272477718344e-02
6.036216251879542721e-02
-2.539652416187892711e-02
-2.993408281470625112e-02
-6.795833673700867918e-03
-1.545657447241220381e-02
9.345587450583395239e-02
1.170250986815570687e-02
-1.338401065364321907e+00
-1.459197831143602131e-01
1.141272006815730755e+01
1.940752458891620846e-01
1.925290356191827479e-01
4.987902746274432420e-01
1.226994151964879397e-02
6.228105835768727588e-02
-6.355477929043458485e-02
6.557215612462728715e-02
-4.228235003224262156e-02
1.212286876229070123e-02
-8.631748633275881238e-03
6.206526813849646412e-02
-2.539801426733138620e-02
-2.960413025820646596e-02
6.778423649367038006e-02
-5.740496041399340693e-02
1.682783342893805559e-02
-8.417563701614750107e-03
6.992430631727199197e-02
-2.539862087350819655e-02
-2.988900773567164035e-02
7.387387411735286957e-02
-5.422509575210775895e-02
2.376341636021468348e-02
-8.460213212707680744e-03
5.321267187681380517e-02
-2.538342078865595680e-02
-2.997637690376811839e-02
7.817521063078269883e-02
-4.090964389545787699e-02
1.273422452329953276e-02
-4.367646783659626109e-03
8.874824156247061724e-02
-2.538342497986797314e-02
-2.974964390213502216e-02
8.422246192897332728e-02
-5.902929780044416375e-02
2.009979428847986221e-02
-1.098195499908209173e-03
8.856983971230565633e-02
-2.539652728022323558e-02
-2.983376287936943469e-02
9.280899646296844607e-02
-1.102714286540140004e-01
6.910826664900406036e-02
-9.480089868069298655e-04
7.390087281597644553e-02
-2.539652317461105549e-02
-2.991038648279004813e-02
5.748850566154654201e-03
-6.512823548465199175e-02
8.551747467859024954e-02
-1.222203272477718344e-02
6.036216251879542721e-02
-2.539652416187892711e-02
-2.993408281470625112e-02
-6.795833673700867918e-03
-1.545657447241220381e-02
9.345587450583395239e-02
1.170250986815570687e-02
-1.338401065364321907e+00
-1.459197831143602131e-01
1.141272006815730755e+01
1.940752458891620846e-01
1.925290356191827479e-01
3.543761004145687399e-01
1.226994151964879397e-02
6.228105835768727588e-02
-6.355477929043458485e-02
6.557215612462728715e-02
-4.228235003224262156e-02
1.212286876229070123e-02
-8.631748633275881238e-03
6.206526813849646412e-02
-2.539801426733138620e-02
-2.960413025820646596e-02
6.778423649367038006e-02
-5.740496041399340693e-02
1.682783342893805559e-02
-8.417563701614750107e-03
6.992430631727199197e-02
-2.539862087350819655e-02
-2.988900773567164035e-02
7.387387411735286957e-02
-5.422509575210775895e-02
2.376341636021468348e-02
-8.460213212707680744e-03
5.321267187681380517e-02
-2.538342078865595680e-02
-2.997637690376811839e-02
7.817521063078269883e-02
-4.090964389545787699e-02
1.273422452329953276e-02
-4.367646783659626109e-03
8.874824156247061724e-02
-2.538342497986797314e-02
-2.974964390213502216e-02
8.422246192897332728e-02
-5.902929780044416375e-02
2.009979428847986221e-02
-1.098195499908209173e-03
8.856983971230565633e-02
-2.539652728022323558e-02
-2.983376287936943469e-02
9.280899646296844607e-02
-1.102714286540140004e-01
6.910826664900406036e-02
-9.480089868069298655e-04
7.390087281597644553e-02
-2.539652317461105549e-02
-2.991038648279004813e-02
5.748850566154654201e-03
-6.512823548465199175e-02
8.551747467859024954e-02
-1.222203272477718344e-02
6.036216251879542721e-02
-2.539652416187892711e-02
-2.993408281470625112e-02
-6.795833673700867918e-03
-1.545657447241220381e-02
9.345587450583395239e-02
1.170250986815570687e-02
-1.338401065364321907e+00
-1.459197831143602131e-01
1.141272006815730755e+01
1.940752458891620846e-01
1.925290356191827479e-01
4.335013843575387660e-01
1.226994151964879397e-02
6.228105835768727588e-02
-6.355477929043458485e-02
6.557215612462728715e-02
-4.228235003224262156e-02
1.212286876229070123e-02
-8.631748633275881238e-03
6.206526813849646412e-02
-2.539801426733138620e-02
-2.960413025820646596e-02
6.778423649367038006e-02
-5.740496041399340693e-02
1.682783342893805559e-02
-8.417563701614750107e-03
6.992430631727199197e-02
-2.539862087350819655e-02
-2.988900773567164035e-02
7.387387411735286957e-02
-5.422509575210775895e-02
2.376341636021468348e-02
-8.460213212707680744e-03
5.321267187681380517e-02
-2.538342078865595680e-02
-2.997637690376811839e-02
7.817521063078269883e-02
-4.090964389545787699e-02
1.273422452329953276e-02
-4.367646783659626109e-03
8.874824156247061724e-02
-2.538342497986797314e-02
-2.974964390213502216e-02
8.422246192897332728e-02
-5.902929780044416375e-02
2.009979428847986221e-02
-1.098195499908209173e-03
8.856983971230565633e-02
-2.539652728022323558e-02
-2.983376287936943469e-02
9.280899646296844607e-02
-1.102714286540140004e-01
6.910826664900406036e-02
-9.480089868069298655e-04
7.390087281597644553e-02
-2.539652317461105549e-02
-2.991038648279004813e-02
5.748850566154654201e-03
-6.512823548465199175e-02
8.551747467859024954e-02
-1.222203272477718344e-02
6.036216251879542721e-02
-2.539652416187892711e-02
-2.993408281470625112e-02
-6.795833673700867918e-03
-1.545657447241220381e-02
9.345587450583395239e-02
1.170250986815570687e-02
-1.338401065364321907e+00
-1.459197831143602131e-01
1.141272006815730755e+01
1.940752458891620846e-01
1.925290356191827479e-01
1.390127088942034461e-01
1.226994151964879397e-02
6.228105835768727588e-02
-6.355477929043458485e-02
6.557215612462728715e-02
-4.228235003224262156e-02
1.212286876229070123e-02
-8.631748633275881238e-03
6.206526813849646412e-02
-2.539801426733138620e-02
-2.960413025820646596e-02
6.778423649367038006e-02
-5.740496041399340693e-02
1.682783342893805559e-02
-8.417563701614750107e-03
6.992430631727199197e-02
-2.539862087350819655e-02
-2.988900773567164035e-02
7.387387411735286957e-02
-5.422509575210775895e-02
2.376341636021468348e-02
-8.460213212707680744e-03
5.321267187681380517e-02
-2.538342078865595680e-02
-2.997637690376811839e-02
7.817521063078269883e-02
-4.090964389545787699e-02
1.273422452329953276e-02
-4.367646783659626109e-03
8.874824156247061724e-02
-2.538342497986797314e-02
-2.974964390213502216e-02
8.422246192897332728e-02
-5.902929780044416375e-02
2.009979428847986221e-02
-1.098195499908209173e-03
8.856983971230565633e-02
-2.539652728022323558e-02
-2.983376287936943469e-02
9.280899646296844607e-02
-1.102714286540140004e-01
6.910826664900406036e-02
-9.480089868069298655e-04
7.390087281597644553e-02
-2.539652317461105549e-02
-2.991038648279004813e-02
5.748850566154654201e-03
-6.512823548465199175e-02
8.551747467859024954e-02
-1.222203272477718344e-02
6.036216251879542721e-02
-2.539652416187892711e-02
-2.993408281470625112e-02
-6.795833673700867918e-03
-1.545657447241220381e-02
9.345587450583395239e-02
1.170250986815570687e-02
-1.338401065364321907e+00
-1.459197831143602131e-01
1.141272006815730755e+01
1.940752458891620846e-01
1.925290356191827479e-01
1.591067652790213727e-01
1.226994151964879397e-02
6.228105835768727588e-02
-6.355477929043458485e-02
6.557215612462728715e-02
-4.228235003224262156e-02
1.212286876229070123e-02
-8.631748633275881238e-03
6.206526813849646412e-02
-2.539801426733138620e-02
-2.960413025820646596e-02
6.778423649367038006e-02
-5.740496041399340693e-02
1.682783342893805559e-02
-8.417563701614750107e-03
6.992430631727199197e-02
-2.539862087350819655e-02
-2.988900773567164035e-02
7.387387411735286957e-02
-5.422509575210775895e-02
2.376341636021468348e-02
-8.460213212707680744e-03
5.321267187681380517e-02
-2.538342078865595680e-02
-2.997637690376811839e-02
7.817521063078269883e-02
-4.090964389545787699e-02
1.273422452329953276e-02
-4.367646783659626109e-03
8.874824156247061724e-02
-2.538342497986797314e-02
-2.974964390213502216e-02
8.422246192897332728e-02
-5.902929780044416375e-02
2.009979428847986221e-02
-1.098195499908209173e-03
8.856983971230565633e-02
-2.539652728022323558e-02
-2.983376287936943469e-02
9.280899646296844607e-02
-1.102714286540140004e-01
6.910826664900406036e-02
-9.480089868069298655e-04
7.390087281597644553e-02
-2.539652317461105549e-02
-2.991038648279004813e-02
5.748850566154654201e-03
-6.512823548465199175e-02
8.551747467859024954e-02
-1.222203272477718344e-02
6.036216251879542721e-02
-2.539652416187892711e-02
-2.993408281470625112e-02
-6.795833673700867918e-03
-1.545657447241220381e-02
9.345587450583395239e-02
1.170250986815570687e-02
-1.338401065364321907e+00
-1.459197831143602131e-01
1.141272006815730755e+01
1.940752458891620846e-01
1.925290356191827479e-01
1.908869400535844196e-01
1.226994151964879397e-02
6.228105835768727588e-02
-6.355477929043458485e-02
6.557215612462728715e-02
-4.228235003224262156e-02
1.212286876229070123e-02
-8.631748633275881238e-03
6.206526813849646412e-02
-2.539801426733138620e-02
-2.960413025820646596e-02
6.778423649367038006e-02
-5.740496041399340693e-02
1.682783342893805559e-02
-8.417563701614750107e-03
6.992430631727199197e-02
-2.539862087350819655e-02
-2.988900773567164035e-02
7.387387411735286957e-02
-5.422509575210775895e-02
2.376341636021468348e-02
-8.460213212707680744e-03
5.321267187681380517e-02
-2.538342078865595680e-02
-2.997637690376811839e-02
7.817521063078269883e-02
-4.090964389545787699e-02
1.273422452329953276e-02
-4.367646783659626109e-03
8.874824156247061724e-02
-2.538342497986797314e-02
-2.974964390213502216e-02
8.422246192897332728e-02
-5.902929780044416375e-02
2.009979428847986221e-02
-1.098195499908209173e-03
8.856983971230565633e-02
-2.539652728022323558e-02
-2.983376287936943469e-02
9.280899646296844607e-02
-1.102714286540140004e-01
6.910826664900406036e-02
-9.480089868069298655e-04
7.390087281597644553e-02
-2.539652317461105549e-02
-2.991038648279004813e-02
5.748850566154654201e-03
-6.512823548465199175e-02
8.551747467859024954e-02
-1.222203272477718344e-02
6.036216251879542721e-02
-2.539652416187892711e-02
-2.993408281470625112e-02
-6.795833673700867918e-03
-1.545657447241220381e-02
9.345587450583395239e-02
1.170250986815570687e-02
-1.338401065364321907e+00
-1.459197831143602131e-01
1.141272006815730755e+01
1.940752458891620846e-01
1.925290356191827479e-01
2.379063563977727724e-01
1.226994151964879397e-02
6.228105835768727588e-02
-6.355477929043458485e-02
6.557215612462728715e-02
-4.228235003224262156e-02
1.212286876229070123e-02
-8.631748633275881238e-03
6.206526813849646412e-02
-2.539801426733138620e-02
-2.960413025820646596e-02
6.778423649367038006e-02
-5.740496041399340693e-02
1.682783342893805559e-02
-8.417563701614750107e-03
6.992430631727199197e-02
-2.539862087350819655e-02
-2.988900773567164035e-02
7.387387411735286957e-02
-5.422509575210775895e-02
2.376341636021468348e-02
-8.460213212707680744e-03
5.321267187681380517e-02
-2.538342078865595680e-02
-2.997637690376811839e-02
7.817521063078269883e-02
-4.090964389545787699e-02
1.273422452329953276e-02
-4.367646783659626109e-03
8.874824156247061724e-02
-2.538342497986797314e-02
-2.974964390213502216e-02
8.422246192897332728e-02
-5.902929780044416375e-02
2.009979428847986221e-02
-1.098195499908209173e-03
8.856983971230565633e-02
-2.539652728022323558e-02
-2.983376287936943469e-02
9.280899646296844607e-02
-1.102714286540140004e-01
6.910826664900406036e-02
-9.480089868069298655e-04
7.390087281597644553e-02
-2.539652317461105549e-02
-2.991038648279004813e-02
5.748850566154654201e-03
-6.512823548465199175e-02
8.551747467859024954e-02
-1.222203272477718344e-02
6.036216251879542721e-02
-2.539652416187892711e-02
-2.993408281470625112e-02
-6.795833673700867918e-03
-1.545657447241220381e-02
9.345587450583395239e-02
1.170250986815570687e-02
-1.338401065364321907e+00
-1.459197831143602131e-01
1.141272006815730755e+01
1.940752458891620846e-01
1.925290356191827479e-01
9.535167502979302601e-02
1.226994151964879397e-02
6.228105835768727588e-02
-6.355477929043458485e-02
6.557215612462728715e-02
-4.228235003224262156e-02
1.212286876229070123e-02
-8.631748633275881238e-03
6.206526813849646412e-02
-2.539801426733138620e-02
-2.960413025820646596e-02
6.778423649367038006e-02
-5.740496041399340693e-02
1.682783342893805559e-02
-8.417563701614750107e-03
6.992430631727199197e-02
-2.539862087350819655e-02
-2.988900773567164035e-02
7.387387411735286957e-02
-5.422509575210775895e-02
2.376341636021468348e-02
-8.460213212707680744e-03
5.321267187681380517e-02
-2.538342078865595680e-02
-2.997637690376811839e-02
7.817521063078269883e-02
-4.090964389545787699e-02
1.273422452329953276e-02
-4.367646783659626109e-03
8.874824156247061724e-02
-2.538342497986797314e-02
-2.974964390213502216e-02
8.422246192897332728e-02
-5.902929780044416375e-02
2.009979428847986221e-02
-1.098195499908209173e-03
8.856983971230565633e-02
-2.539652728022323558e-02
-2.983376287936943469e-02
9.280899646296844607e-02
-1.102714286540140004e-01
6.910826664900406036e-02
-9.480089868069298655e-04
7.390087281597644553e-02
-2.539652317461105549e-02
-2.991038648279004813e-02
5.748850566154654201e-03
-6.512823548465199175e-02
8.551747467859024954e-02
-1.222203272477718344e-02
6.036216251879542721e-02
-2.539652416187892711e-02
-2.993408281470625112e-02
-6.795833673700867918e-03
-1.545657447241220381e-02
9.345587450583395239e-02
1.170250986815570687e-02
-1.338401065364321907e+00
-1.459197831143602131e-01
1.141272006815730755e+01
1.940752458891620846e-01
1.925290356191827479e-01
9.606058149935055301e-02
-2.712604438178041130e-02
6.898512018475039254e-02
